604 22
1194 12 9356 5 94 115 11 1754
7 1373 1038 2804 15 24 446 6120 4
33 432 16 7425 9 5 2406 135 17935 55
68 24 53 13 55
14 172 5582 55
108 49 105
226 1383
29 240 119 29 41 26 161 162 205 1161 19
1048 193
74 1 326 70 4880 55
89 84 404 6131
5596 4
7 3068 6 13124 9 975 182 11 3680 9 24 4861
13 33 52 12 168 36 39 190 27 4
5724 7 366 273 30 2601 9 1617 4
67 17 124 118 735
114 16 2397 112 11 5 3500 55
16030 145
2114 8 584 2352 2808 4
235 66 226 285 1779 701 9151
296 64 11 114
1052 9 1808 4
34 11222 35 150 135 367 8 8 13 1876
21 32
5 98 1929 221 14 41 161
49 341 266 6
2101 543 18 931 19
889 29 811 4538
225 40 3356 18 79 128 7 32 524 145
105 266
13 159 232
29 757 55
7 2793 1349 6224 1240 586 2910 15 2022 160 122 19
40 164 346 18 9376 859
530 70 169 1181 7 1028 11 1669
1510 9 9847 1307 1347
34 77 47 29 127 5 7905 55
2046 797 8 175
5 10910
147 49 63 792 23
3195 273
21 47 24 267 29 12 39 909 4
1 55
34 3966 42 1031 434 15 67 19 35
33 11 5 67 3793 11 5 269 4
14 113 7 962 83 54 74 98 164 19 19 19
1541 10926
377 1112 70 34 21865 57 377 1112
32 2492
2753 171 193
91 57 13 33 54 5 228 6 1152
638 46 1749
13 8 357
131 34 2274 266 19 19 19
46 8 371
774 52 7 1
2141 9 93 1
40 417 25 364 103 1 6 13 8 313 15 171 30 5 3305
12 5 12317 55
939 15 171 17 8 33 11 5 67 792 99
33 360 17 19 19
307 360 19 19 19 19
10889 6 368 22
338 171 23 19
3583 1733
47 24 1811 12 5 12353 90 210 26 506 13
1 11269 10365 9 17918 534 40 17919 3689 54 7 1
1 3824
29 206 103 5 8814
3937 1086 12 20358 5 813 11 5 1 1048 193 4
9617 1613 2096 6 171 579
2609 226 21 733 157
293 4161 17 4
33 464 4
1140 19
16 7 634 6 48 19 19
579 78 477 6 21 122 621
2722 6 3897 6 628 19
59 341 9 564
40 175 273 6 833 1059 958 9 4241 653 224 17
138 4733 200 2287 364 9 3264 2287 364 4
33 11 5 98 2109 99 124 118
45 2578 4
496 398 744 38 5 103 852 2488 19
3111 670 6568 150 9620 330
366 6907
33 11 2858 1287 15 67 115
67 21 24 7 85 83 6 945 6 7 94 17 1337
295 19
1732 12 2009 5 2452
2109 1891 397
95 4986 7 32 829 19
554 367 5 1078
851 9 887 128 5 23 70 16 5 922 4923
24 93 54 36
2912 53 69 3664
57 5 345 11 5 652 1067
317 5 976
538 8631
147 457
5 314 500
10 15 7 32 17 4
638 46 1749
10355 19
241 23 19
467 800 8 7 1793 1 23905 4
4946 27 10 4071
46 84 7 1682 4
10 15 262 19
1194 12 9356 5 94 115 11 1754
2604 3511 42 55
191 143 32 24 1076
197 6 241 23 19
15337 238 1759 2501 55
42 6 5 278 22
3231 19
7 14721 1555
7 16906 72
122 17
1952 285 1112 15 455 21916
5 1947 11 5984 8979
295 740
7 251 80 12 344
42 8 178 60
357 25 203 90 121 13 23 4
1 2052 8 40 175 145 631 273
14126 8 7 367 11876 19
561 1578 16 224 17 19
52 2861 5 2050 11 83
32 510
29 757 55
1915 70 24 1 6 21 108 341 9 1534 6 21 8834 1331 16 4
945 9 5768 214 108 7 1885 194 1072 7 10373 455 15 367
355 9 164
24 5 2449 569 417 6 9 7 1245 1086 54 5 1 289 19 19
7 1053 110 273 18 82 128 29 4598
3006 5 4337 401
353 2956
525 32 10 4
5 1733 8 16 5 476 9 1575 55
2780 650 414
1082 5 505 25 4396 19
42 88 29 206 103 252 13 149 17 19 19 19 19
5 386 2524 626
19023 19
351 58 640 55
7 63 792 6 63 792 9 11595 1928 6 583 12 5 3212 1961 4
33 11 5 67 99 14 183 161
293 21 24 18 293
32 571 55
1517 17
32 209 22
7 23 11 130 9595
1947 11 5 682 4107
353 1373
518 55
7 32 171 17 30 7 49 2556 11 94
64 11 3901
5 1045 10612
14 172 730 6 21 119 855 304
7 32 834 1141 4
7772 5 7772
5408 1 266 19
7 1295 89 23 84 5 3718 6904 2654
1849 3383 94 23
24 93 6 21 24 16 5 3590 425 136 4
32 12754 155 3481 314 17
24 162 7 23 4
89 84 10 19
619 4471 8 337
7 23 3416 62 7 230 1594 611
5 219 429 9 349 136
7 5401 94 2999
164 21 47 26 121 81 85
5 905 20 7 295 441 17 1188 30 7 741 810 9 260 19 19 19
69 59 24 18 93 55
108 155 340 242 6 10 52 24 105
680 6 21 63 195
5 1513 886 8 7 2215 171 346
1 19
7 670 193 6 21 30 5 1255 232
157 9 123 495 16 5 2517 4
5 5279 52 10065 55
36 17 12 5 2144 11 5 1308 94 99
277 332 55 106 22
7 2508 23 19
284 8329 19
138 39 648 2045 9 8821
24 37 67
95 33 93 314 33 520
394 166 9 87 6 18 118 4
7 579 9 581 61 1374 56 150 106 47 77 127 13 138 26 22
154 8 1623
14 47 26 101 5 1377 11 55 9 10 222 40 67 358 150 118 7 160 294 4
7 2187 72 55 7 32 771 30 6063
1306 15 23900 579
4096 414 55 55 55 55 55 1339
4298 25 1019
2116 1369 12 1722 65 5 4715 25 5 2451
4600 332 94 17
244 5159 7203
421 216 292 12 13 33 4
50 26 10 2412 19
1010 7530 288 281 9 23
48 840 2826 296 4860
40 4433 15330
164 4
32 27 7 874 17
5 266 3889
95 1121 546
5 1 8016
1303 6 21 8 7 193 30 135 1424 238 54 5 1 14766 6222
32 17
29 114 10 78 29 493 10 22
5 278 8 22 55
193 11 2333
122 6 357 6 24 51 48 6 18 48
16 147 17 4
29 81 85 1270
5 342 23 124
13 8 33 658 23 4
11569 70 399 78 1075
42 8 276 30 13 1251 22
21861 1 6385
768 15 67 23 375 6827 8992 7307 4
32 25 7 140 25 10 150 10620 586
122 17
5 17 14 183 161 174 10 294 6 10 8 262 19
9154 54 86 67 19
24 27 32 27 5 95 33 4
5 1134 764 5 1317 25 2268 115
804 19
331 24 1045 15 673
5204 67 23
5231 6 217
7 251 80
995 6 10 97 183 111 38 74 283 17 69 544
7 11271 17
106 22
2268 10328 23 55
337 441 193
144 158 55
13 8 5 266 17 11 36 1395 19
784 6 787 6 21 716 1986
41 781 7 8028 134 1019
32 397
97 41 111 89 875
7 579 9 477 4
1842 405
3602 6373 145 18 5776 2910 24 1388 5 15384 10 1974 4
1867 84 4362
2323 7407
10 15 3341 6
7 167 89 84 14 137 10 12 5 705
421 6 7 160 171 17
147 1 23
81 296 25 76
3829 2914 25 7 2072 2616 15 435
1541 559 11 72
5357 55
953 680 221
14 436 12 194 6 78 1 22
58 201 1078 55
68 14 1530 22
3006 55 29 41 40 1952 55
5 140 890 5 1182
836 150 24 5 67
81 85 2365
1730 16 40 6558 55
34 188 432 14 748 64 74 401 4
976 16 5 287 1882 11 1595
24 260 4
7 337 55
14 183 161 89 208 81 268 12 95 1763
14 194 54 5 1 6 21 13 8 7 439 529 19
1 135 24 3401 135 5205
1285 9 3827 150 21 547 46 16914
5284 6 44 818 158 6 821 29 253 1122 16 13 17 9 33 60 5 326
3706 5305 13644 5 419 1667 19
539 12 39 606
1736 208 698 82 23812 16 6645 6 302 184 29 31 633 6 44 47 26 80 10
63 792 6 21 526 72 1397
1842 405
1013 94 753 21 81 946 16 10 15 777
277 480 9 2024
34 14 127 42 1502 8 56 114 19
32 212 13 6 46 94 6 122 1841 621
32 4768 6 4177 9 747
4816 2176 9 5239 3506 2227
18998 19
147 2715 193 19 19
398 61 594 56
4533 9 1300 65 8186 63 61 63 493 9 1
193 11 5 457 19
29 251 436 13
1306 607 19
24 59 1102
82 1619 13 23 47 135 24 276 19
2638 2154 15 1915
10 15 374 55 5 17 6 32 23 129 7 2354 293 4362 9 48 4
7 1020 326 70 96 47 29 127 5 7905 55
40 175 6 1428 631 273 9 7 435
18950 21 945 294
4580 1 12 440 13183
13 8 5 342 17 11 36 83 55 23896 55 4
275 7882
332 94 17
175 221 4
337 6 443 1839 1984 596 30 7 1 417 4
377 1112 15 95 21 7 32 4
205 7653 12 18
2511 1800 6 8046 1450
105 9 49 392
48 652 318 788
45 2213 186 48
32 17 9 683
141 2821 1947 24 103 5 415 17 4
147 219 228 14 124 284 82 101 663 141 9851
4001 15 1 1889
361 9869 222 692 119 11535 135 38 110 9 821 399 531 17 4
332 17 19
884 1 6205 346
143 404 6 4863 5 2011 4
32 236 209 9 4241 457
13148 1 1 1
5 169 1876 22
5523 201
2306 260 61 6313 56
4284 8955 37 8956
7 9619
7203 564 72
665 778
2753 171 193
652 318 2738
382 157 4
9 10 36 291 238 12 13
74 1 1304 457
7 1345 443
164 21 2024
16 5 7772
6726 17833 15 1 701 4
653 1456
48 18990 1423
143 564 4
762 195
268 2121 441 19
58 2891
7 49 884 23
284 8329 19
13 17 8 3084 372
625 83 2428 22
511 42 29 422 133
5530 179 12 1758 711
7 193 600 17
24 93 21 24 354
918 5 8035 61 2602 56 102 4
5 23898 11 8311 99
384 2250 152 461 282 537 10358
88 29 79 80 12 5 572 523
89 84 137
36 16 32 122
1233 856 5 770 11 14778 8 5 168 102 19
24 27 32 27 5 95 6 21 108 7 49 1303 10936 55
275 7882
5 13170 3506 239 4
68 501 151 6 34 882 22 35
7 295 788 19
889 29 97 41 195 247 5 530 24 4
7 2070 11 1031 1266 12 419
7 775 52 40 1377 11 5 10930 17912 91 30 6535 22 55
10 15 7 1
5 2080 535 42 28 8 59 1137 22
13 4459 1832 4
456 1259 9 6287 464 21822
754 6 21 8 833 1616 4
13 17 8 3084 372
332 266
10 50 511 34 40 322 11 365 4
204 8 332 4
2152 579 444 54 109 67
14 172 7 321 184
23904 94 23 8 679 700
843 6 21 93 286 4
614 6 569 976
83 12 13622 12 7 410 4
48 17
143 32
496 398 15 5 6059 22
709 2863 33
224 6 21 187 220
11878 405 55
2638 2154 15 1915
5 5204 19
21904 5 7902 11 83 4
7 295 441 17 55
5 5835
5 6823 1174 8 355 30 65
88 131 308 4
67 23 11 1691 19
709 406 11 875
89 84 14 137
24 93
40 307 295 23 18 68 26 235 12 101 2391 78 495 74 154
187 5 3733
2800 145 650 1538 145 55 55 1339
4855 78 453 174 6 29 207 41 12 3923 65 4
3096 11 163
8047 936 4
1328 94 17 19
81 85 1270
7 1142 81 1831 21 7 363 341 1472 12 5 794
7 48 83 18 68 26 9158 74 153
14172 623 5 383
1809 52 163
7 271 20323 61 410 56
34 14 172 5582 4
48 698 9859
3702 1928 21 5 72 923 1895
5653 70 17853 9600
7 193
24 7 1010 4141 64 11 40 1641 4
516 6 21 164
89 84 404 6131
161 10 231
491 9 2161 25 5 652 754
7 49 49 4508 578 1042 115 11 5 269 4
1263 667 8010
24 7 16957 4
427 1169 5 572
3627 1877 1467 4
2012 8 160 6288 4
237 55 2127 22
1140 62 1306 15 7295 130
213 728
5 14175 11 99 31 570 5 67
353 8815
3649 8 103 16 396 4
587 14762
168 11 40 1641 4
797 15 5974 6 372 6 10115 6 10308 1380 294
32 397
40 965 564
46 5707 19
5 1
7 366 1163 17
155 1
1 4
39 386 16 505 25 7 48 9 48 115
1 19
1 1800 4
175 221
24 48
14 235 29 4
332 6 887 294 4
812 2306 130
1027 519 55
49 658 25 128 69 2715
1480 192
7 193
656 9 986
93 10922
38 1
945 6 21 108 7 48 232
1311 3255
1287 9 4513 31 32
5833 6 14 172 531
2024 273
48 94 17 4
7422 311 271
403 55
496 398 15 110 8 360 19 19
5 98 679 868 3543 11 36 5 1594 23 55
108 52 76 23931
1168 12 468 2016
5 5152 510
1729 145 4
1517 17
3259 6 911 986
3967 11 5839
1074 1309 2235 9 7 2767 564 4
9 77 235 12 120 125 3324
176 15 5 9877 22
1952 27 296 1467 802 101
7 1020 326
5659 16917
14148 3280 19 34
5103 23908
8 26 244 4992 6202 12 7 706 1856 22
1292 15 945 95 4
147 19
48 698 9859
49 940
40 1091 221
88 77 918 37 589
10 15 7 1
5 752 25 7306
1848 19
23805 7 399 2264
762 21 50 39 19
7 321 740
2617 169 9171
7 224 513 25 5 2905
1035 510 102 8 5 415 1157 171
720 273
3949 232
6535 1287 15 415 87
93 9196
418 29 89 84 1876
880 1609
7 1020 326 70 5 10910
400 294
472 268 260
7 1594 23 12 48 72
10 15 403 6
6894 71 39 2014
2311 748
67 5789 17
961 6 1874 6 1 6 3338 12 29 103
1784 3201
940 30 197 2517
131 169 6 21 24 48 55
545 11 822 4
745 19
1045 15 342
1013 21 3871 678 145 25 5 130 691 231
5033 2571
273 17890 69 991 34 151
1369 5 11242 8653
1065 7412 16 5 532 11 10625 640
7 10366 171 23
182 16 5847 25 4658 8183 9 654 4736 4
175 441 17
5 67 699 1283 23
40 404 34 114 35 21 216 42 7 16889 55 7767 2107 55 4
68 18 11254 29 22
508 19
34 790 22
3213 8 177 6 16 5 255 418 38 13 23 24 4
3073 569
545 11 822 12 151 22
47 26 120 122 6 24 51 267 14 506 19
7 20300 294
5 486 11 5 14696 20234 61 16860 56 642
2604 3511 42 55
582 55
5 625 11236
7 1077 294 11 5 457 150 12302 586
960 1224 6 21 7 295 524 740
1231 516 19
1950 7300
5 13147 77 47 26 235 12 101 418 16 12735
24 1548 21 1205
5 415 569 417 124 19
33 11 5 98 5158 34 1517 35 4331 4
1625 1152 72
223 7 46 975 232
1 30 3359 102
1125 6 1284 9 21890 15382
1307 8294
19023 19
3084 1002 9 1622 8626 4
7 3232 21 1195 907
12288 946 9 1002
7 652 193
147 1303 457
32 3083 2214 1441 6 926 1349 583 100 25 186 76 285 5 541 11 13 159 21 108 1712 38 5724
5 1404 11 9826 936 14713 29 7 233 6 643 6 986 6 628 19
7 6060 1482 114 72 4
40 10118 62 149 126 532 9876 45 27 784
131 181
1473 6 680 7624 1197
7 338 17 12 33 25 5 168 6 78 5 713 455 19 35
48 682 17
7 8157 7391
1052 9 1808 4
341 1308 346
5 1119 11 5 1991
24 27 32 27 5 95 8 5 13624 72 4
14 121 18 8 36 4
17817 5 8297
893 3272 5 1098
268 25 362 30 8034 16 109 5404 6631
24 5 219 8 24 398 9 698
49 63 407
7 15320 15321 443 19
171 30 7 1
5 10118 6372 136
14 183 161 5 239
24 93
6102 90 22
55 55 23800 15 24 4
51 104 82 29 36 18 108 41 161 13 4
7 145 193
7 1 17 18 210 26 128 65 69 367
3951 232
7 826 23
7 59 3106 23
32 2906 12 999 171 99
24 76
1 55
4285 171 17
93 9196
665 778
23845 199
348 120 1876 19
122 6 263 405
50 223 568 5 95 17
175 19
2012 16 8016 154 4
937 866
98 564 55 4
176 15 5 9877 22
1952 285 1112 15 455 21916
341 6 21 97 47 46 22
516 14 41 26 161 162 205
5194 6 21 42 8 26 91 88 29 127 18 22 35
7 23 60 1618 25 1618
5 572 8 100
7 2187 94 346
29 31 43 4
27 296 27 10 36 81 553 4
1 2368 2544 5104 559 12 4001 15 1
1 9401 11271
48 817 614 990 559
3890 12758
5 95 266
34 21 7 33 140 239
14 246 1030
321 205 30 48 72 4
1011 1940
32 122 4
33 464 4
7 17 18 547 58 16937 150 20 2239
90 68 26 114 10 38 5 830 309 4
14 240 166 4
2171 76 11 5 386 1682 19
59 341 88 231 54 5 154 15 55 55
14751 5 12739 4
19023 19
560 9 784 4
1576 8 7 105 17 30 777 61 913 56
1 2908 22
5 197 1283 23
951 796 15 342 17
569 614
49 341 530 783 641 18 8 147 175 23 4
570 1693 9 416 1359 9 1127
5153 3466
7 820 2329 11 7 820 1232
1205 55 4
34 29 251 436 13 35 55
7006 793
175 17 285 363 449
7 836 571
7 5300 12 3806 1304 99 195 292 18
14 763 4
53 225 7 145 4
908 10075
14 47 26 101 12 1 3546 102 4
40 341 621
45 3935
5 415 692 17 11 36 228
6475 7 160 1 20342
653 14178
98 677
10 82 128 29 235 12 567 46 60 10
4245 6988 21 7388 3541
383 9 4280
564 19
7 569 5914
143 2937 2640
2700 13118
1 1475 123
5 67 2084 17 124 1238 38 5040 1063 6 2602 4
8609 1510
14 80 29
973 683 2693
116 472 268
1102 55
48 266 19
5 5091 52 17909
32 315 9 48 87
7 651 11 1777
372 1315 57 797 19
2392 4
12707 5 414 690 11224 4
7 5401 94 2999
8 43 66 806 1363
851 9 887
2114 22
5198 134 12 290 10
5282 1 36 7 233 32 1726
164 565
7 6060 1482 114 72 4
6473 3927
50 2623 53 2604 208 2915 22
459 188 33 118
32 19
582 19
2864 883
1454 19
311 293 21 18 15 24 65 7 32 23 4
24 267 42 14 41 4
1 19
193 19
175 23 1201 19
5 181 21 8 46 192 4
321 21 131 169
48 72 6 21 271 21 49 662 4
4245 2513 1770 19 19 19
1675 9 14774 55 24 12 39 909 4
89 84 137
5 197 1283 23
34 5 3797 8 7 4363
945 6 21 164 6 27 7 20339
7 775 15 38 5 828 11 5 581 61 21 56
8182 195
7 820 27 7 295 524 740
14 138 101 256 30 10 4
2187 611 580 36 18 108 342 4161
10 20 1340
271 9 662 23
5 98 341 641 30 7 355 157 583 11 365
2101 8 220 76 19
371 7785 46 1
1594 266
51 20263 456
656 17820 19
279 2188 25 76
40 617 21 164 197 294
3355 2109
1949 1983
1 546
10 15 32 4
363 1826 30 7 652 793 55
2046 23926 2482 1315 4
401 5202 9 49 164
147 1303 266
7 48 2084 17 18 814 18 1145 5 1 1046
342 17 11 5 171 446 4
3319 260 8 1013 9 5401 4
106 22
144 108 295 4
373 5 325
305 6 88 29 235 12 2559 64
945 21 164
10368 7204
97 41 111 89 6 21 10 97 41 111 89 6
456 4
14 172 6286 6 21 55
40 1
1853 170 7533
294 19
835 9 798 963 4
89 84 5 404 221
341 3551 1118 11 7 1571 705
1972 3517 55
34 32 145 35 8 5 266 198 7 143 192 417 4
7 236 209 21 55 97 41 111 46 11 10
36 60 22 55
2609 226 21 733 157
105 9 1262 1
7 10893 11230 11554 11 7 17 19 19
49 1102 1119
42 71 183 161 520 23 6 195 57 74 1765
878 3346 351 135 3460 51 218 10 7 463
7 2871 1092 18 475 46 53 7 1360 221
7 2687 1577 57 3290 1546 70 279 1080 61 2554 56
1082 5 505 15 361 361 361 633 11 7 11884 16 158 135 283 6
3051 10348
5 197 112 12 168 10
12327 527 86 4
106 8 5 219 15 168
217 10 71 39 55 22
2116 28 15 7 8787 189 4
1111 25 829 4
421 24 5 197 441 17
14 235 29 4
7 294
7 134 16949 6 21 1274 341
47 26 1417 13
1624 1517 2209 4
526 4
252 15 17925 65 66 3549 4
338 6373 145
5 473 11 4432
263 5092
709 406
5 5152 510
24 1047 4
262 866 266 4
742 5 861 21 97 41 111 51 55 55 55 55 55 55 55 55
347 377 466 4
901 9 383 6 2041 23 8 984 252 238 34 20313 20313 4593
262 19 55
7 193 10937 17
892 8021
562 4
404 72 4
7 49 1354 523 285 10 82 39 118 76 1313
2101 15 182 511 100 18 15 7 10331 9 40 644 294 4
29 101 129 10 15 67 6 9 5 1 72 11 114
32 17 4
3107 87 62 5931 9 1024 6 21 7 59 164
131 36 18 48 427
14 172 6286 6 21 55
7 1045 181 4
1 6 12354 6 10369
1712 38 5724
9 14 53 10 15 108 7 93 93 93 93 93 93 189 4
1876 11 8825 2406
1356 1
5 2079 361 866 1991
951 5 98 677 17 11 36 83 4
45 332 19
459 43 77 22
2653 9 2141 4
60 27 635 27 5 1010 3127 457 55
34 6475 35 8 7 21910 19 19
267 205 607 16 5 243 17 4
8984 55 4 18 24 7 7082 11 171 11 6814 15371
342 11 5 794
213 296
1233 856 27 93 27 5 181 6 21 164 1337
427 64 25 5 243 263 19
7 990 559 100 22
7 1995 1830 30 158 25 244
97 41 111 89 24 120 10
1818 1
5 1263 7087 326
14 235 29 4
67 17 124 118
1078 4
5 2829 906
3055 105
51 55 55 3802 4
89 84 5 404 221
241 1011 273
5 278 8 22 55
175 17 19
299 1347 18 1288 5 708 11 4688 8 38 5 861 330
49 181 441 23 70 7 59 824 409 4
7 284 32 94 17 4
5 457 58 157 12 257 64 55 9 6565 27 7 251 80 1122 365 64 824 55 4
525 1736 9 89 84 5 181
1846 8 313 141 592
7 15376 975 1282 11 2388 5663 285 40 256 668
193 788
5 356 1717
101 5 112 60 5 908 11 69 1 83 19
42 2798 47 4831 1082 22
8331 5726
42 7 112 12 168 18 819 12 280 5 1207 6 21 7 63 1928 84 66 1078 6 69 7 32 34 643 15 108 143 32 4
1752 9 11581 405
155 2344 242 9359 108 52 10
49 248 631 273
3240 34 23920 35 9 1 20354
2286 3282 145
2638 2154 15 1915
808 9 5 621 19
16 359 4
48 23887 102 4
252 146
7 1012 621 19 19
48 788 17 19 19
24 93
1935 1688
108 7 32 17
404 1287 221 4
128 267 29 1447 5 386 621 55
1 93
496 398 15 110 8 360 4
5141 3393 6 739 64 5 1 19 35
57 5 345
5642 523 19
122 6 21 63 195 12 39 19
57 5 1 1046
7 614 2348 11 2148 9 790
7 5297 23 6 30 40 332 166 6 5 342 99 124 118 19
192 55
7 1354 523
1804 675 58 4644 1226
42 7 387
34 1 61 594 56
176 8 5 1376 22
295 3063 17 19
34 252 37 2789 918 37 1296 35
7 1636 11 1446 15 262 72
98 986 239 124 118 55
383 6 1751 6 197 55
40 617 363 783 23 19
46 515 84 69 1 25 5 433
783 294
14 114 10 19
2875 242 453 108 7094 607
2722 9 105 11588 208 2597 239
9169 19
171 19
164 21 10912 503 11 2404 15 1110 57 5929 6 1 10367 1048
7 14179 23912 6907 826 3203
564 682 94
584 370 11 135 3865
5 1358 2927 239
32 4
355 1782 139 19
2706 115
554 6 554 6 3374 76 10
295 208 49 564
7 2971 294 6 208 299 1626 2918
439 266 55
7 59 3106 23
467 800 17905 8 33 81 85 11 10 19
40 94 17 247 32 94 346
545 11 822 12 151 5 445 22
7 19017 11 1669
2064 8 883
49 783 12 80 100
13 8 24 27 48 27 312
754 11 2780
403 4
9 2115 19
4098 16 5 95 426 959 3035 179 4
48 922 17 4
5 1872 157 199 12 39 46 11 922
187 10 25 1213 7420 609
383 87 6 78 366 94 23 6 21 24 54 5 269 15 342
2864 883
357 4
77 240 166 6 13 17 45 7756 396 4
13 1030 145 8 158 12
7 2750 503 38 5 2947 1641
5190 1488 419 18 222 5 433
277 5 1270 45 292
6 9 10 20 143 3367 32 4
995 6 42 13 8 74 356 17 100 4
745 6 226 6 88 14755 6 1347
321 208 1640 25 7 389 2717
7899 238
14 80 16 117 31 1863
34 24 93 14151 266 19 35
884 94
440 11 629 55
40 808 441 221
241 6 608
175 17 19
9147 231 1 16 5 98
13 8 93
237 55 2127 22
3615 9622 242 57 345
706 6 45 855 304
24 93 6 21 348 516
81 296 25 76
175 850 145 346 57 2072 2616 19
32 723 17
1685 50 26 320 808
7 2793 1349 6224 1240 586 2910 65 1159
147 48 417
1625 256 2044 1327 171
175 19
47 26 482 4
3412 38 2729 154 55 55 13 269
277 480 9 2024
8172 5467 7 1531 4
1 869 20 33 11 74 98 1102 1076 2405 115 47 26
7 1020 326 70 2116
48 682 17
6314 61 1 56 150 19 8 24 197 19 19 19
7 49 884 94 23
1801 62 5 1 55
324 16 5972
2714 6 21 817 518 10 8 26 295 9 40 94 196 21 24 49 32
42 8 276 30 13 1251 22
14 20 45 60 178
131 169
112 64 1756
564 6 21 108 7 48 23 55
169 1181 1032 89
1068 834 150 48 262 193
665 778
24 45 147 4219 16 242 55 4 35
10 15 1019 4
662 11 10 15
4211 15 4535 195 178
5 239 20 952 11 10 15 16873 19
32 1921 6 564 4074
1327 503 57 1249 4260
13 8 5 24 7 221 4
144 231
1095 655 12278 307 19
32 87 38 2720 11 5 4008 322 4
10 15 24 615 186 1122
51 16913
14 114 13 17
34 65 441 7500 8 28 79 575 35 22
644 305
1 93
5 1761
89 84 5 1881 22
12339 329 1 102 4
23902 5 400 825 285 2748 2042 9163 2397 1363 11 48 4357 115 6 9 40 1541 166 6 21 1941 273 4
305 21 40 4480 152 216 4
48 17 6 821 25 29 9 5 1270 8 13 57 272 3003
4143 745 55 7644 516 21 308 8 7 499 358 4460
1736 9 787
3073 9587 19
32 212 6 671 72
2052 8 7 887 32 17
1109 4772 8 14170
67 17 124 118
20311 8 13 7 1263 17 22
358 18960 21900 15313 3828
665 778
5 5152 510
19040 89 84 5 3718 6904 2654
7 49 884 23
14 79 280 130 199 276 30 5 98 6723 19 19
7 2903 457
961 87 9613 4
5198 134
58 33 52 5839 16 7 296 335 4
1155 16 1
49 518
5 1791
1761 292 5 13158
329 378 10 4
7 169 1952 16 922 23 428 4
526 72 6 538 222 3139 6 538 222 3139 6 538 1742 3139 6 8 268 12 3479 30 529 4560 4
34 302 6 482 19
5 169 1876 22
34 14 330 6 176 15 74 24 33 78 8 26 18 48
204 301 19
10368 7204
7 7772 16 112
602 76 4597 6 2820 5 55
63 6 24 877 6 147 362 4808 1 19
7 1020 326 70 1393 11 5 1845
131 169 100 4
302 6099
883 685 37 2322 83
42 7 1841
3161 171 17 30 40 1777 3036 21 108 1005 4
295 19
147 1141 1921
5446 221
201 324 89 55 9 5 93 4
7 9619
1 10349 145 19
717 940 1048 193 19
5031 19
1354 523
164 171 5300
5 219 429 9 477 55 1339
1068 21 105
96 50 24 1082 7 9408 12 5 95 2590 23
45 46 11 10
1671 1339
5 1591
8967 441 193
32 263 23 18 8 5 400 976
7765 9844 4
1818 1
193 4
13590 129 13590 6 25 122 9 1587
7 1455 6 1020 661 11 34 5 632 35
366 21 3051
3553 1671 9 24 801 105 78 662
1804 1540
261 11 122 6 21 5 2097 1606 182 11 473
32 122
177 16 5 383 17 60 220 55
1030 6 2764 9 296
945 6 21 164
10 52 2955 4
10355 19
2080 15 110 8020 19
14 41 25 76 6 6 13 8 4
7 679 23 60 263
2392 4
32 682 17 19 19
14 246 517
2609 226 597 21 55
7 295 788 1810 11 5 294 19
2064 8 883
1541 10926
1 19 19
40 2791 778 4
5 264 11 2341 22
42 55 79 6807 101 1199 59 418 38 12735
63 195
42 1198 3568 5 673 55
40 1 417 6 21 24 7 294
762 1309 10 119 7 9849 17 4
7 8807 9 1554 877 4
337 23
48 17 4
3023 5919 425 55 55 55 4
1045 15 342
12344 4
7006 793
1448 27 383 72 6 21 108 40 94 346 18 8 105
783 19
48 2619 17
24 59 1102
14 253 4538
608 1086 54 5 168 11 5 219 4
13174 1 31 54 10 136
24 9866 102
289 6 445 3006 6
13 8 187 343
34 1293 2863 6 5 9188 35
40 175 1282 11 1 16 8790 119 4
186 747 8 26 12 1064 19
5 58 126 4958 24 4
97 41 111 89
213 296
14 79 24 2493 5 2089 8654 5 572 4
53 95 11596
34 47 29 489 121 119 498 38 9 283 67 27 25 42 15 5 95 17
564 266
145 22
40 190 224 1193
295 3063 17 19
203 90 15353 31 277 24 1887 55
12 1 102 326 70 41 154 78 1098 16 13 17 4
1609 164
5 21857 4095 3770 23 124 118 4
2088 11533
302 25 5 589 30 49 134 1316
54 287 10 311 143 6 21 218 10 7 213 81 2700
89 84 404 6131
199 45 522
32 209 22
2893 5776 7291 8 2218 5296
131 53 5 2287 21 24 5 2449 9 118 25 29 6 21 108 32 204 308 4
665 778
7 525 652 1380 221 27 5 9833 164 55
20259 441
1 13 19
66 1141 1115 55
143 293 6 12284 17
5 5152 510
116 10902 5 655 11 11917
366 17
537 105 19
175 19
271 21 112 81 224
706 6 1231 706 55 9 34 14 246 1
5 625 11236
24 162 169 100 6 78 59 275 3544 10 19
383 21 192 17
836 19
39 386 16 505 25 7 48 232 4
19015 5 21888
29 101 42 29 2013 25
147 666 11 83 1267 30 8618 12 8148
67 5789 17
24 93
176 68 29 101 106 25 5 201 675 55
64 11 3901
2080 1
5 67 11 5 905
1 3584 8 45 24 105
5 411 1098 8 33 428 10 20 26 149 19
5 1317
2226 849 15 5355 4170
24 27 1487 17
51 732
12333 8646 776
268 2121 441 19
614 6 569 976
7513 9 443
1426 866
13153 21 63 195
20311 64 13 1 8 16 885
44 41 12 472 55 21929
488 564 55 4
12728 13
828 2140 16 5 271 840 4
68 14 1530 22
33 11 5 67 115 11 3664 4
7 6192 25 1981 435
7 1020 326 70 176 8 5 264 61 43 31 55
32 4
2336 23 18 282 112 179 46 365
131 236 55 514 5 834
175 2167
326 11 467 800 2632 4
733 9 8972
2820 7 1028 11 34
14 47 26 101 12 1 3546 102 4
42 8 276 30 42 22
8039 6122 27 2741 1731 6 552 1818 8817
1035 510 102 8 24 27 32 27 5 95 202
7 1020 326 70 252 76 16
2919 19038 17 91 5 572 8 332
135 367 250 1273 30 29
49 1356 9 606
32 263 566 9 10601
7 1 2536 12 723 115
223 7 579 457 19
813 11 5 1186 15 4
50 5 8314 108 128 29 253 53 13
1947 9 2640
1430 6 271 6 192 6 1 23 19
2651 6 1752 9 1473 150 33 11 5 67 11 5 905
39 5093 1072 141 5150
81 296 25 76
29 206 220 7 952 54 182 4
7 318 16 5 154
32 753 6 21 30 7 873 11 405 4
144 13 32
5 197 112 12 168 10
91 11 5 589 6 21 10 844 1091 55
48 2619 17
277 24 1047 4
7 2295 134 2352 221
1 3467 4
13 5605 5 1762 115
4600 94 21 7 49 820 17
93 1958 6 884 157
49 116 1825 62 8660 4
49 63 407
32 6 21 945 294
749 3904 1088 64
7 32 21 1957 740
2901 1287 1228 376 214 136 4
8 46 19
960 1224 9 824
699 52 667 12 5578
192 55
7067 1360 221 30 40 953 157
40 38 894 7203 45 332 6 360 565 4
986 457 1672 1 62 631 9 1733 57 944
138 41 111 648 1 11 12734 102
6125 8303
9 14 773 14 20 284 76
47 24 1811 12 5 12353 90 210 26 506 13 23 19
21862 22
8 26 51 53 10
50 26 44 55
4359 19
24 5 711 19
40 400 193
2041 9 4241 53 7 21893 3732 6 9 7 761 1830
328 25 1789
10 20 7 122 266 18 4390 38 34
241 212 6 30 7 275 503 11 2750
24 27 616 354
5 3584 1 5307
820 740 11 5 758 4
75 15 3048
131 160 60 10
3140 15 1165
7 6655 164 194 1072 5 256 358 2022 2094
351 1 34 5 1322 99 11 5 269
7 884 829
33 11 5 98 5158 34 1517 35 4331 4
24 162 48
45 983 296
4359 38 2277
7 32 5306 1
38 5 201 866
884 17 88 10 52 10 630 76
34 1293 2863 6 1331 16 3895 4
147 6906 239
561 905 8 7 1 102 30 7 1053 382 134 23
10366 4
33 11 5 67 1 115 124 118 4
1039 1009 1039 455 6
24 1047 19
3706 5305 13644 5 419 1667 19
144 33 531
995 252 15 128 18 467 55
1995 1733
24 188 1431 758 547 7 17 4
3481 12 5 414 399
48 139 62 3872 1358
147 1303 457
34 6470 140 35 30 1258 6 136
5709 329 7 7527
443 976
942 164 1146 17
10 138 41 111 85 89 27 5 95
32 1147 139
1287 177 38 803 19 55
7 762 1928 776
7 569 5914
518 55
97 24 120 10 5 215 27 5 95
468 2016 38 94 150 195 247 7 49 105 78 164 17
24 449 25 549 19
24 147 1122 17
1 1550 30 4436 1
45 480
7 884 829
630 12 841 94 4
171 19
24 480 6 21 258 483 122 1824 19
48 2619 17
49 105
147 1359 239 57 2073 4
49 32 6 21 695 13 17 8 143 32
274 33 11 5 67 99 124 118
5 1343 193
48 6 6467 720 387
619 4471 8 337
216 640 22
89 84 14 20 898
33 11 5 67 115 16 3081 4
7899 238
5708 662
7 15311 11197 288 5 171 3138 2222
469 255 102 4281 62 419 9 5453
867 190 1981 710
7 9587 3793 19
1199 38 7 1134 55
10 15 32 4
5 181 6 21 32 1304
147 569 417
29 97 47 520 6 21 108 143 32 19
2103 5 365 64 11 5 380
49 190 921 6 5 17 8 32 6 21 24 296 747 50 26 162 128 10
3723 2160 2342 4461 19
10 15 24 7 32 922 17
49 105
7168 2961 1 441 1 1672 21911 11 7 346
5 264 3000 25 5 386 1682
797 542 1279 12 1348 7 579 444
7 1020 326 70 5851
1 9 12349 3338 12 5 278 11 186 671
12340 2165 59 128 7 154 1959
193 171 23
6030 524 641
1487 692
49 2187 94 346
5 98 181 441 23 11 36 83 19 19
569 614
797 15 67 22 22
2362 21 1331
32 1921 6 564 4074
1674 718 2298 52 66 510 5 95 83 292
313 1 171 7270 34
7 271 11275 23
614 4397 11 114
34 14 246 1220 16870 35
5 358 3065
66 271 19
19016 9 383 6 9 662
930 710 193 18 11532 69 457 150
147 8496 23 57 2947 4392 4
548 392 57 5 168
612 6 538 62 7 2040 269 256 55
192 3828 514 961 114 5851
46 84 45 147 682 1267
175 17 4
48 17 789
7 507 3791 16 3022
1538 6 10 393 55 10 97 41 111
1428 294
5 754 11 175 212
55 587 14762
74 1206 919 17 4
383 1 17 157 465 6 138 39 7 193 27 7 221 4
122 9 394 1 273 6 21 7 271
302 5 5230 1586 8 15307 19
13 269 15 1544 2290
32 281 4
1505 3331 9 134 362
321 1146 1279 145
6281 2348 11 1669 9 221
191 6 143 226 19
612 6 10 15 166 4
7 618 25 4165
13 17 82 114 29
817 614 2700 4541
11944 6 1 6 1
787 9 1736
665 778
5 17 14746 5 823 2250 11 5 325
625 83 2428 22
706 6 1231 706 55 9 1 4
164 346 18 9376 859 57 126 228
459 188 33
34 40 9157 1431 9 6109 1002 6 3755 294 19 35
7 197 17 25 3566 7387
1428 4
108 122 12 120 1038 91 89 119 7 9849 17 4
51 341 19 55 561 55
175 17 4
122 6 263 405
226 559 11 473
10 15 207 32
248 21 1694 1610 11 5 1682 19
1364 1218 6
193 788
1342 9 12744 34 579 9 581 19 35
7 1020 326 70 13645 10924
1 25 7 2575 1 4
8453 10311 9 1 7501
8606 9 10 15 7 48 249
164 171 5300
1112 15 715 1
29 251 436 13
353 2956
9826 936
77 240 207 41 6133 4
2651 6 1356 4
49 32
9597 19
49 7763 1685 20251 11 636 591
158 12 17865 5 17821
7 884 829
380 10 136 6 847
7 930 710 193
5299 16909 370 11 74 154 11 34 154 6 35 8 1164 15 93 4
3808 30 16077 8 40 1430 559 11 473
5 3075 2524
106 24 22
39 386 16 505 25 7 48 17 4
7 4069 1753
24 5 34 342 17 124 19 19 35
241 6 608
6102 90 22
1853 170 7533
5 919 62 1 6 29 45 339 39 59 39 376
2716 6 1488 9 3048 4
1308 3698 4
8984 55 4 7 266 18 282 74 32 17 12 5 72 4
7 48 1019 17 30 7 48 4643
5 10118 6372 136
248 21 1694 1610 11 5 1682 19
1637 781 335 551 19
1241 2188
297 24 973 480 5 168 4
7 23 11 130 9595
44 206 211 15 177 4
175 17 19
5 314 500
6062 2979 17926 9 5 72 923 1895
7 262 1841 621 19
62 260 32 588 255 9 2538
5 602 22 55
1108 9 77 127 96 10 818 158 25 5 1 446 19
1488 9 1504 1396 61 64 11 340 67
5 2205 23 68 11 43 9 516 72
2800 145 650 1538 145 55 7 1078 6 69 7 1517 17
40 1095 193 19
3758 1555 2940 1561 19
58 10616 6 24 85 72
24 5 67 6 21 5 17 8 7 2025 212 11 340 10 15 5516 4
58 6 1 7882
295 1
12702 1176
13 269 15 1544 2290
7 3889 221 18 8 620 9 97 41 111 147 17 4
49 518
5 171 1 72 1369 12 530 55
1848 19
91 41 640 22
1693 11911
614 19
1 3070 129 956 4
36 13 17 8
9 203 31 5 361 991 19
16 5 5774 11 32 9 414
18 8 36 4
7 894 776
4245 2513 1770 19 19 19
321 9 85 1 81
5769 197 367 55
5 2520
1532 70 5 1259 8 1 4
147 1011 3233 23 21 7 32 23 176 13 8 106 22
2534 17 11 5 269
9359 9 5 8958 70 5 1525 387
1594 266
508 221
7 98 680 269
64 11 83
98 175 441 221
5 9829 8 207 1
47 26 1417 13
386 16 505 7 17
5 3967 11 23830 1
215 23 30 40 628 1
2141 3549
321 6 21 10362 62 1 286 4
58 632 12 1348 96 10 2873
341 205 263 17 611
1689 990
164 55
14149 49 1068 1812
89 84 404 6131
314 242 453 6 21 7 32 157 17
9605 1 4
855 531 208 1447 7 5595 16063
96 97 368 111 89
12736 1165
20264 1460
295 19
614 16921 17
42 7 778
5 2324 10111
7 752 11 8325
155 5 917 9 6036 11 1 1750 115 285 1480 34 5 7417 35 52 19
361 9869 9 700 4
6107 19
7 169 9 361 278 8
1 122
144 6 9 158 308 216 59 2450 12 39 19 19
32 6 21 2313 16 5 1016 9 654 8055 8 12 39 53 10
5 1782 12277 239
5833 6 21 923 5 168 11 5 219 4
8163 30 7 873 11 802
34 32 441 346 19 35
147 83 13176 189 22
66 1595 45 2708
937 4
6 30 5 98 77 235 12 1064
1108 19021 38 13 33
940 9 677 266
7659 820
2046 797 8 175
1808 17903
33 11 5 98 439 99 11 2349 4
5 181 21 126 94 124 118 22
4283 11 7 11884 467 335 4
45 46 11 10 4
141 1540 47 26 224
11901 2999 11 15359 4129 9 3541
1045 15 342
24 7 671 659 6 49 32
1579 7 3495 16 37 3480
371 1059 1658 11 3205 154
8618 12 20242
361 9869 9 700 4
49 105 17 19 19
9175 55
34 5288 55 5288 19
7 884 829
7 23 30 3353 4
3377 919 9368 102 4720 291 12 858 4
108 52 7 5085 621 11 11889
1671 1339
1 22
32 12 127 18 138 39 17934 2014 11 13 794 7535 4
4033 10 8 26 7 321 23
82 1918 138 39 4296
5 1952 1 417 150 7 326 55
3942 6 21 5 17 20 45 24 187 5 12353 15 758 4
901 263 968
579 9 581 61 1374 56 150 106 47 77 127 13 138 24 41 111 51 85 4
5 1791 12 7 48 23 25 435
1231 160
311 32
40 852 294
7 134 1505 5651
582 19 19
29 240 41 954 589 155 13 33 81 230
58 201 1078 55 24 22
1 82 1 102
5 67 4332 9 495 1 19
7 7092 1 15 2860 102 6 7 1531 4
1838 4
7897 1
46 122
7 10112 441 193 18 8 177
24 25 557 2717 19
459 29 42 4
88 4
5 11920 257 179 55
24 54 36 93
4219 80 4219 47 1 102 38 7 193 788 19
945 1188
2658 94
1 16 428 25 7 1 16 37 325 55
48 698 9859
24 1047 19
952 1383 6 5 400 424 208 154 29 240 1 47 26 149 1773
7 659 12 1
141 1540 47 26 257 335
7 32 5306 1
302 6 1897 65 6 29 4093
40 1428 194 54 680 3164
49 63 407
1 6445
29 183 161 13 33 4
4777 1773 6 2415 22
820 27 5 95 83 1846 793
58 285 55 97 41 111 89 27 5 181
7 962 6 214 3195 294
1948 6 836 6 105 55 57 985 1045 15 1188 4
50 24 89
100 29 36 5 169 10602
1896 44 146 1613
24 93
7 1295 294
3927 50 10 136
187 5 3733
828 25 1201
176 15 5 1270 22
147 1310 1004 25 9189
5 4210 8031 4765 17
5 197 1941 19
16930 850 19
49 105
40 525 341
175 23 1201 19
241 23 19 19
295 219 9 2964 6 21 7 1321 1276 23
1322 114 5851
3827 122 187 3462 64
51 732
1267 7632 11 7 7274 4607
5044 360 19 19
2378 177 5 256 664
7 6214 11 154
1319 8 44 68 26 17872 5 11916 1 11 5 3550 23861
7 569 209 3000 18 8 59 7 3000
5 5900 11 169 1181 7 366 94
1952 27 296 1467 802 101
24 91 3761 164 4
241 631 273 8 4761 21 49 105 4
951 5 98 677 17 11 36 83 4
9169 285 2910
187 10 25 5 255
2473 6 13 33 191 52 5839 16 86 325
995 252 15 128 5 2742 215 979 7 1531
5 602 22 55
5246 1473
4207 6290 36 190 136 4
29 251 436 13
1230 4
5 94 3071 29 304 6 24 162 192 72
493 12 151 14 121 10 4
5 2737 18 61 50 24 56 301 55 301
89 84 5 1 11274
587 14762
2141 3549
7 694 266 285 32 205 4
40 307 295 1
225 6 14 41 24 93 55 9 4329 3580 82 4181 13
5 1263 1
10 15 24 7 48 72 55
790 869 709 129 5 10330 157 1498
7 284 2871 23 19 19 19 19 19
382 6 192 6 21 291 65 1616 4
5 6289 90 298 1877 2290
24 188 1431 758 547 7 17 4
63 14155 6 88 9385 8482 443
24 42 14 137
21811 19
5 1263 7087 326
5 242 52 5 168 11 5 17877 3392
40 1750 294 11 919 8 2384 21 55
2473 4
4920 11252
867 190 1981 710
193 19
7 366 94 23
515 6 27 23847 897
7 2766 1121 11 569 9 597 4
59 24 18 93 55
40 828 879 23 19
2938 952 52 12 1365 10 15 8995 4066 76 2160 984 134 17 19
60 27 32 27 29 71 133
5 826 1355 26 51 1813 25 13 4
49 341 263 405
954 828 8 1377 11 135 1945 1587
147 83 13176 189 22
40 783 171 193
237 6 14 172 46 326
201 778
919 38 19
7 1345 443 294
34 42 481 88 5 5717 2705 22 35
7 1020 326 70 1199 17
147 1235 25 70 1218 10589
1 145 19
342 17 11 2193
554 19
24 27 32 27 4369 78 894 5608 473
10 15 32 4
761 15 67
616 286 156 98 11 313 16 3293 55
151 3605 12 2691 2199 15 342 17 55 4
2204 877
29 251 436 13
14 825 157 657 89 84 13
1224 6 3937 23
7009 14748 1414 4
237 14 68 24 317 13 17 55 59 76 53 13
16864 18 9145 8 5 13624 72 4
7388 631 2167
5 9355
1102 83 328 7 635 2196 346
277 7 93 17 4
40 443 559 11 435
2638 2154 15 1915
1027 1027 8 63 6 21 10 15 108 32 4
1975 15 67 23 471 30 6063
226 417
18944 22
653 14178
425 1
1975 15 426
33 11 5 917 6 108 41 12 39 7 17 4
131 25 29 6 5 232 8 7 49 164 417
7180 1 285 940 6 21 945 221
44 41 12 472 55 21929
27 1030 6 1186 4
459 188 33 25 368
5 67 189 14 245 13 25 244 4
11900 6462 6212 62 32 212
312 1009 7 83 16 358
69 280 5 1207 6 78 419 55
366 1226
7070 4
564 6 21 143 1262
10 329 5 408 350 30 13 72 22
411 9 3180
321 6 21 162 341 4
33 11 5 98 720 9 7274 99 124 118 19
7 1535 15 441 1301
81 15380 6 81 3306
3751 16 5 2620
7 32 507 19
59 16 5 430 4
1 11 1295 1
7 193 10937 17
7 10893 11230 11554 11 7 17 55 4
40 341 2352 11539 62 7 49 134 81 160 285 29 127 6 21 55
5 264 625 99 30 7 181 9 14 41 55
1112 4
32 723 17
7 193 600 17
9169 285 2910
48 682 17
14 217 10 97 26 53
5204 67 17
11215 271 6 404 72
749 3904 1088 64
2942 61 9360 56 1786
94 1478 30 7 1255 313
986 72
34 1875 31 25 17931 19 35
472 268 260
421 6 7 160 171 17
644 305
1 5356
7 32 17 12 1447 54 5 9403 4
5 3659 1777
7 337 2403 25 1374
89 84 404 6131
14 138 41 161 13 33 633
48 810 19
5769 197 367 55
7 2687 1577 57 3290 1546 70 279 1080 61 2554 56 642
49 9594 55 4
14 47 26 101 19
3778 134 221
10 50 26 182 38 135 696
3569 13610 4
10 470 26 855 399 19
8967 441 193
7 457 71 39 89 119 5 219 922
48 5771 6 884 239
10 15 7 2025 19
4767 4102 20 108 38 34 5 9403 35
414 399 14154 4
63 118 4
357 6 164 221 19
104 549 454 5 1029
2114 6 21 24 162 635
421 7 32 221 55 4
940 1612 1 4
1127 6 21 24 5 266 633
20274 9 890
353 2956
1490 541 15 424 11 34 18936 35
2691 6 855 304 57 5 12756
1308 3698 4
91 89 119 5 181
1 7529 2796 19
251 39 18 222 39 64 11 496 398
1794 12 5 1 55
7 392 17 19
5193 6 21 55
341 3551 1118 11 7 1571 705
14 4040
297 24 973 480 10 8 224 12313 25 4
5 98 745 1525 387 124
7 9813 829
59 499 1 23 1201
226 597 6 21 46 1155 84 13 72
5 95 11 74 154 4
884 1 4
1725 304
403 27 5 473 11 405 21 24 81 48 27 5 3718 6904 2654 6 248 1872 5201 19
382 21 4280
415 145 289 124 19 19
24 1047 4
6113 15 67 182 214
49 564
5 181 21 8 46 84 1571 1306 17
1218 3756 70 824 205 6 21 49 160 4
10894 671
10 15 7 32 72
1373 6 21 164 17
14117 19 4
24 48
7422 311 271
34 81 132 9606 2943 5 17858 35 4
33 11 203 465 17 4867
105 145 60 10
384 7 1550 8 2940 5 319 15 212 6
175 441 17
307 295 19
498 16 69 283 112
5 1207 8 4761 21 925 15 531
377 1112 8 144 5 34 541 11 147 19 35
614 226 840 4
256 9 164 21 131 81 515
828 2140 6 131 46
7 32 834 1141 4
7 23891 145 193
7 456 10629
14 47 26 121 19
7513 9 443
36 396 6 49 134 1316
7 2516 11 5 228
2032 1676 57 962 314 8468 6631 150 9837 586
5 23871
1554 6 732 9 10108 12 120 4
122 1517 17
40 164 221 18 2213
6306 15 67 55
165 4
2413 3398
3169 11 1 67 429 12 11265 364
58 285 887 295 9 808 4
341 7409
1541 10926
797 15 1794 95 33 19
33 11 5 67 99 124 118 4
1738 22
1 13 1832
29 240 114 5 409 6 21 5 286 29 79 103 5 215 4
36 2466 31 3540 6 21 108 32 27 5 95 388
40 341 621
360 19
29 101 42 29 2013 25
1306 15 23900 579
155 7 366 157 6 32 21 54 228 11 17
1306 50 10 136
5 23 52 3145 1
113 7 233 300 6 21 833 3009
1446 1352 6 7 1359 565 9 7 2396 14180 25 1085 1 19
468 2016 8 40 953 705
7 745 55
919 30 66 23776 19
8182 195
24 83 25 13 17
5 541 11 372 54 37 4536
202 27 293 4163 55
720 4
516 14 113 111 2014
5446 221
10 15 32 4
89 84 5 95
1766 2459
24 295 9 45 24 49 105
7 398 145 18 483
901 263 968
1 671
10 15 1019 4
1838 4
160 2817 4042
260 61 594 56
10 8 55
2391 933 12 4463 4
24 2188 228 5 711 70 1
1173 15 98 12 2088 46 164 55
40 443 778 4
10 15 27 137 44 151 81 85 4
21862 22
7772 5 7772
5 2875 269 256 4822
51 85 40 965 52 25 74 413 6 171 2466 16 12729 125 36 8 7 1458 932 6 21 1331 16 3895 4
5 23898 11 8311 99
305 27 40 473 803 4
104 82 53 10 10 15 492 62 7 226 17 4
34 302 6 482 19
1952 2826 922 4542 2160 565
226 6 277 614 19
5 4879
11560 17
38 5 112 11 5 171 446
164 285 32 6 21 24 48 6 126 1291 122 19
192 55
4574 1544
7 3088 9 253 32 777 150 12328 701 221
3259 3067 221
33 11 1969 2637 987 93 1 1665 1566 12 2894 4
5408 1 266 19
34 5 2590 35 650 34 177 12 5 572 35
11926 38 5 1332 11 154
45 147 9602 17
33 11 5 67 1429 2021 14 41 124 161
1538 9 341 27 5 95 1310 4
2863 54 37 4853 21 443 50 24 1552
175 17 19
2817 1380
85 1644 9 134 21840
1 6 658 6 21874 5528 346 4
396 190 1316 6 21 162 7 49 564 168 12 5 289
24 260 85
891 1173 15 67
74 1766 8 5601 2385
984 266 12 5 355 34 4179 5 10357 35 4
820 110 1366 4
341 21 59 55 10 15 45 60 10
24 49 32 19
12339 329 38 5 8461 848 4
5 480 189 60 154 8 13 70 774 52 109 912 4
633 57 7 14692 402 11 5 289
1532 55 1 63 482 10 19
307 2180 19
2012 8 7 59 122 621 4
2508 21 23846 12308 1
77 31 36 162 730 6 21 14 20 40 409 4
29 138 543 10 4
720 273
371 84 2275 4
5 356 1717
204 8 5358 6 1200 756 378 19
10309 19
175 17 4
307 1127 9 820 2329 11 5 389 2276 2222 38 5 581 972
749 3552 254 7 3581 6 3570
3223 15408 208 23936 2061
7 32 17838 11 23 1201 6 40 515 1086 12 8792 7 1
20340 9 5393 4
1853 170 7533
7 167 89 84 14 137
452 5 10344 9176 19
456 4
1 55
467 800 17905 8 10 59 12 39
48 23 4
49 181
5 1195
302 257 64
5 219 8 26 207 41 12 4562 12 53 10 9 18 8 8053 1
34 6657 211 12 39 4 35
332 266
226 209 6 1 5 2449 6 9 986
19002 5098 55
103 25 5 232 8 7 48 94 9 49 510
1280 122
68 26 235 12 1064
5300 55
40 1430 6 569 976 11 7 262 790
24 162 7 169 9171 5659
7 59 3106 23
421 6 13 83 1846
582 19
16925 365 9 361 1 8645 55
51 16913
142 6 13 23 8 296 19
10 15 1328 55
231 29 472 55
1 13 1832
9 5233 10 954 44 68
403 1
29 138 543 10 4
7 1750 193
1693 90 2164 37 2532 79 7869 16 154
108 7 32 17
100 15 5 1314 90 68 858 208 4775 61 9 69 241 19 35
3240 34 23920 35 9 1 20354
4035 30 5 67 442 1540 10614 16 74 4827
49 32
4057 15 98 16859 9 287 679 11 687 12 121 4
10 301 19
32 6 334 25 7 880 768 346
34 7 1877 45 2890 190 74 4023 35
944 483 307 4
72 1801 299 1626 788
241 145 36 292
237 33 11 5 67 83 1846 793 19
89 84 14 137 10 6 8 225 4
599 13602 12 229 9 6036 11 1 127 825 11 11904
21 4174 8 48 4
14 79 101 663 141 9851
3829 105
164 57 345 12 1150
101 107 12 5 4092
3858 5 34 976 35 16 5 625 83
4533 9 1300 65 8186 63 19
249 3028 8 7 189 4
2425 1250 54 67 193 124 19
1738 22
271 604
13 17 52 66 226 4
24 93 54 36
382 157 4
7 233 5769 148
52 603 11 5 181 55
4695 2940 1561 4
24 5 415
2112 164 1800 4
13 8 36 178 6 21 82 47 26 133 5 178 4
5 1 102 11 5 3165 4
48 232 94
4298 25 1019
32 315 9 33 59 2134 419 196
34 13 8 74 4909 1566 35
14 113 7 962 83 30 13 33 4
46 1671 84 10 138 39
11566 6302 1
144 80 100 55
302 4
50 26 162 128 10
341 88 599 516 221
2315 102 294 4
10 36 684 19
1532 70 95 23
985 1045 15 342
7 12706 16 10 15 262 19
468 2016 8 33 11947 621 19
783 19
116 8959 11 220 12 5 327 9 119 66
45 3935
191 1102 1041 69 6455
83 64 54 135 803 15 10
508 569 6985 16 954 400 3197 289 8 55 1
828 25 1201
223 7 14759
5284 6 5284 6 5284 19
14 246 940
32 38 5245
1109 4772 8 14170
14 246 1046
11213 19
759 46 696 1987
32 753 6 93 6 9 158 308 211 22
518 23
40 341 621
7 160 990 559 100 29 13 213 987 6 21 291 5 693
4132 12329 1121 19
868 153 466 6 21 63 195 4
1027 4
1 1 3215 1
7 1000 2125
42 88 77 127 42 12 151 22
7 6214 11 154 1 55
29 97 47 520 6 21 55
584 1975 807 4
7 11598 8 2472 150 13 8 7 1750 294
5 67 561 9 77 235 12 1064
192 834 21 97 41 111 89
45 147 9602 17
1077 193 19
241 23 9 33 60 5 67 2042 1601 7 48 701 266 19
14 172 243 1 743 55
945 1188
7 435 294
3662 4
80 13 54 5 435 214
501 51 1473 6 516 9 37 1380 23
45 147 9602 17
96 1 62 58 2040 269 256 423 55
1616 1 473 11533
1496 15 139 8 1140 16 5 611 19
1000 1514 4735 62 5 1270 55
33 48 409 4
89 84 5 95 17
372 1315 10 745
525 32
34 11222 35 150 7 197 1448 257 262
797 15 67 22 22
2802 164 19
34 47 29 489 121 14 1237 86 22 35
24 37 67
89 84 5 16046 2654
1285 6 733 72
3231 19
1729 9 4282 530
32 682 17 19
4650 17 30 132 807 9 5 67 11 5 289
1225 265 308 59 9 101
3721 332 4
394 405 19
12344 4
567 5 5973 10880 18968
5278 3164
5 5105 7782
1 471 54 5 327 99 14 767
248 6 214 162 120
7 193 10937 17
7 9404 1 5300
11919 164 21 1331
1355 26 151 174 54 13 83 4
1231 516 55 7 98 680 269 4
34 13 83 1846 877 6 733 56
90 71 133 13 57 1708 6379 22
7 295 682 1841 621
5 8821 1 72 11 114
1551 1591 3402
27 341 52 33 11 5 67 775
7 2661 1855 1009 5 181 19
3863 62 2402 2305 8 24 1952 5 866
656 17820 19
20 10 407 62 260 78 6 14 246 19
23845 199
7 1382 1188
3923 65
271 9 662
9169 19
91 46 2507 171 4
17814 10865
5446 221
1 3070 129 956 4
1578 6 88 29 79 29 133
105 16 1595 55 671 16 445 4
13163 2123 11 1750 27 5 95 83 1846
945 193
258 13 8 7 2041 2196 346
995 6 42 97 29 38 76 22
2054 32 171 2241
24 7 706 19
7076 3581 1300 335
4359 38 2277
14 121 13 20 36 60 8166
8794 6038 18 16851 64 11 94
2381 1466 11577
277 241
1155 9 383
119 5 95 17
7 284 48 23
67 594 17804 14 183 161 16 1395
34 257 16 30 5 3384 35
4951 164 9 817 518
10 470 26 855 399 19
74 4947 11541
712 6475
628 209 826 65 382 72
5 314 266 3889
942 901 9 32
2416 77 1547
2970 1380 17
6651 812
48 17 6 821 25 10 88 10 108 1703 10 8 187 552 19 19 19 19 19 19 19 19 19 19 19 19
34 32 221 19 35
191 919 179 19
1 1 3215 1
679 834 450 3818
40 644 974 4
64 11 13 219 226
1068 6 21 63 792 1355 119 141 115
5 2707 8 7 213 11 756
2391 12 982 7 10911 4
3307 70 5 486 61 64 11 587 56
10864 13 33 736 32 990 17
237 24 162 7 89 23 84 5 2602 33
8009 6 713 6 105 186 295 23 55
1068 3053 21 108 483 122 1824 19
7 1625 9 271 23
24 81 275 6 21 14 245 10 4
93 9196
1736 19
48 922 17 7 48 263 17
48 17 4
443 30 7000 148
44 92 2074 3497
13 23 52 58 154 78 24 27 48 27 5 181 4
307 360
7 635 194 129 7 439 83 55
32 9 193 281 19
7 1841 621 9 7 1 340
7 1020 326 70 2116
1 7526
2578 441 653 3239 208 171 17
108 122 19
4465 6 13 17 702 11 69 2333
122 27 1356 27 20308 14150 4
3223 15408 6 33 11 5 415 171 115 4
412 342 455 325 17 124
1306 50 10 136
616 6 2152 221 285 32 682 17 1337
1140 19
24 49 181
582 4
467 800 17905 8 40 1990 9 337 23 18 8 48 6 49 236 23
29 240 114 10 51
122 6 21 7 213 296
5 98 197 23 14 214 3000
2638 2154 15 1915
439 266 55
24 93
720 96 4
10 15 24 33 11 5 67 7522 124 4
14 20 1047
176 15 5 866 22
47 26 53 6 10 15 7 1
7 762 1928 776
8 43 7 314 154 22
20 122 55
316 16895 166 285 9861 9 151 3605 12 2691 2199 15 55 4
7093 586
43 15 7 93 23 6 14 68 26 280 64 42 481 55 4
7388 631 2167
783 294
77 1661 13 33 38 310 283
10 329 46 84 1539 3678
544 4
16875 2233
5 629 11 58 1312 13630
7413 13 775 11 5 1106 15
2091 2577
34 279 2188 150 10 36 291 46 38 74 283 112
10110 7 945 1 1810 11 5 1468
3006 11 5 10914 19
1038 6 341 883 958 546
16100 6 5 7 296 1042 346
3161 171 17
5 414 399 82 1 29 238
5 5900 11 169 1181 7 366 94
1400 6 13137 6 1 12 39 4
7 1020 326 70 6475
7 6445 11 1
40 965 326
7 262 1841 621
5 538 16 5 17873 16067 1643 6 21 50 24 7869
1623 1241 2188
34 176 12 5 20364 3198 55
2886 9 1526
893 3272 5 1098
296 9 114 72 6 131 488 236 6 21 5 17 19
5 327 1 199 14 767 57 561 905
7772 5 7772
4988 788
42 7 387
5 1 1327
1002 6 887 32 9 4241 94 4
1019 2962 2698
6 9 193 145 178 22
439 266 55
24 36 93 6 21 10 15 59 131 4
404 145
836 6 3827
42 5 1633
16947 238
1 6 12354 6 10369
33 11 5 67 934 150 89 84 6650
605 9 230 304
1369 5 11242 8653
1594 524 1 221
7 49 296 417 6 759 46 1076
3862 15 845 16 33 4
940 6 21 945 6 43 92 77 59 138 543 10 4
7 18976 1605 18 8 58 2018
7762 783 4
3818 5 162 66 530 6 383 6 383 1 6 8 7 134 81 160
3827 122 187 3462 64
321 4
7 241 171 23 19
5 1263 7087 326
384 2250 152 461 282 537 10358
953 700
33 11 5 98 469 115 11 5 1819 4
2716 6 1488 9 3048 4
1152 503 30 655 9 8829 19
252 15 4340 297 77 206 1389 6 2416 77 22
7 122 94 6907 565 221
5 430 8 986 4
263 8 7 59 268 651
813 11 5 2721 8 144 18 398 4
16 7 634 70 560
14169 4852
10 2369 158 4
1287 314 837 11 1293 2863 8 24 5 215 4
7 296 1186 11 81
45 27 98 864 31 9192 55
5 327 13112 912 1199 59 20 2261 23
40 164 6 616 441 18 52 3145
1 30 3359 102
1 19
46 147 6 21 24 48
11917 3954
377 1112 52 15399 57 5 14182 1 19
190 921 54 5 160 1628 11 5 358 83
34 32 205 441 17 19 35
34 5 6445 35
95 16 922 55
33 11 5 67 11 69 261
4285 171 17
32 256 4024 443 19
13 8 45 439 4
42 15 1308 6 10 97 36 41 169 6 21 97 39 46 53 10 19
7 9355 25 1981
1068 21 105
7 2535 239
525 652
14 172 63 18 8 5 651 64 11 496 398
34 10 259 3997 52 731 4 35
867 190 5 2050 11 83
7 9404 1 5300
36 1 6 58 9387
4217 11247 55 11922 14153 769 3025 19
10 15 40 168 55
6096 1508 38 5 482 11 4432
2088 11533
18929 1
563 5 342 4161 740 14 183 124 161
13 503 11 5 2946 1380
216 131 580 117 113 10 6 13 8 24 32 4
7 32 1517 770
5 219 68 26 543
5 2843 6 5 67 21 108 48 9 3101 823 417
7 1750 193
7 6377 776 18 256 4024 443 150 7 32 740
48 17 4
42 7 778
317 10 6 13 8 10 7 23
5 1 1635
154 2103 1977 55
2578 16 840 9 7 5647 6 21 295 23 55
1905 48 19
13 8 5 342 17 11 36 83 55 23896 55 4
17927 164 25 10 19
3574 157 1039
10 20 187 5 513
7 16906 72
47 24 1811 12 5 12353 90 210 26 506 13 168 19
783 294
10 15 7 32 17 6 21 10 15 108 32 4
946 5230 156 13 21 32
1671 1339
9 2115 19
24 5 67 23 11 5 269
215 256 1547 906
952 1383
143 32
363 564
131 169 19
20359 1663 72 11 310 11884 19 19
2802 164 19
27 230 27 160 117 29 41 12 344
894 397
32 163 6 21 50 26 162 989 65
7 1048 6192 30 6193 1547 521 20326 3841 1450 1635
1823 171 193 150 605 12 1456 4
46 12305 84 7292
108 40 3356
24 27 616 27 10 527 12 39
175 1119 12 5 794
294 6 21 911 4581 27 7 221 4
49 341 266 19
89 84 14 20 898
5 21880 1350 6628 17 11 5 269
1947 12 5 327 11 5 2162 171 23 124 4
720 9 1002 6 214 52 7 4075 780 4
277 1127 19
3829 105
10 15 294
78 8 10 5987 22
386 16 11905 9 1126
762 1309 9 622 6
7 366 17 19 19 19
163 12 39 7 1
42 8 276 30 13 1251 22
7 348 34 105 35 23 38 4249 208 61 237 636 56 3774
7 5650 221 11 5 89 232
3138 1332 12 434
7 20300 294
41 2026 4
48 17
14 246 1182 8 55 4
10 15 108 7 32 23 4
29 504 530 19 19 19
1112 4
6125 8303
3819 6 3760 6 7 903 120
1950 7300
2565 1642 4
5 89 2080 565
7 2262 502 11 1539
24 91 3761 164 4
14 210 26 344 16 5 219
7 1750 193
29 757 55
34 100 15 427 54 5 15366 3036
298 10 19
5 197 1941 19
7765 9844 4
14 80 29 55
21 10 15 24 7 145 6 130 6 10 235 25 7 322 11 6797
192 55
161 10 231
191 7 48 979 8 73 5 2050 11 83
348 5348 6 59 7 3000 11 2841
7077 1714 2281
5 140 16 5 20317 90 1319 11 7 538 8038 1823 4
358 5917
7 49 823 273 4
38 5 112 12 4001 15 1
1 1 650 2396 114 72 70 200 1523
919 38 19
5 2613 16 5 794
8447 4
85 89 84 6650
36 239 58 122 4
46 199 18 519 55
8787 164 19
9826 936
758 1508 12 94
29 79 120 13 425 733 17 19
7 1053 110 273 18 82 39 435 54 69 67 4
4605 990 273 19
720 273
1356 315 6 1356 451 9 1356 3246 4
144 6 13 8 357
252 15 17925 65 66 3549 4
656 9 515 4
13 17 8 554 55
321 1 993 12 892
525 32 19
5 399
7 49 2215 171 23
702 33
817 614 12 168 18 12341 38 7 737
7 1295 89 23
1 6445
7 201 778
34 45 639 31 132 242 6 171 9 401
3381 6 31 29 3750 107 22
5 157 250 314 12 5 840
33 48 266 19
67 725 1026
617 23 4
161 10 231
67 5789 17
9834 1470 221
1906 6 6218 2123 55 4
24 321
226 19
7 930 710 193
5 197 6912
7 5650 221 11 7 8025 16 3081 4
3073 9587 19
1759 16 7 714 21 24 5 2449 1267
7 1020 326 70 1730
2088 11533
472 268 260
12339 102 396
16 147 17 4
188 4684 251 41 154 16 358
12757 8 7 1182 19
10 329 46 84 7 17
7 836 571
104 34 3581 35 17875 55
5 98 197 263 273 17 16 435 15 261 11 1
5 5091 52 17909
7 1020 326 70 706 5289
47 26 128 29 235 12 543 428 4
14731 22
24 296 829 19
49 518
231 1210
16075 8 24 1 15 5 67
5 67 4195 8451 740 124 4
383 6 1751 6 197 55
406 424 11 1293 2863 102 1177 154 9 228
5709 329 38 5 215 2589
2478 9 560 182
5151 285 262 3442
4096 414 55
49 181 441 70 14 422 195 96 10 259 53 76 2014
5198 1092 19
293 209 1481 2110 219
5 367 6 5 17 8 7 993 12 410 17 53 13 54 36
46 5707 19
40 323 1030 17 152 8 40 226 417
468 2016 8 33 11947 621 19
1694 7191
53 7 21932 6 1321 492 1
12351 298 23 6 921 54 327 11 400 115 19
7 85 89 84 404 5033
89 84 404 1345 443
797 15 241 1315
498 89 84 5 2311 3347
5 1736 523
7 32 17 12 703 83 220
1186 9 155 1615 57 419
1009 4438 737 6 2411 129 7 671 663 5 148 11 40 140 55
2315 9 2254 535 394 182
164 27 5 95 83
1788 77 114 25 19
80 100 6 6 21 291 335 4
34 29 467 107 19 35
9 662 34 4732 57 5 10081 35 72
1448 15 67 4832 23 4
1278 15339 11 947 9836 4
582 6 14 20 24 18 93 55
305 6 88 29 47 26 571 4
5642 12 5 541 6 1055 19
1205 9 164 19
1669 2356 13 2002 1037
797 15 5974 6 372 6 10115 6 10308 1380 294
13 154 273 8 143 32
53 95 11596
49 518
7 2507 3376
45 48
29 251 436 13
5 289 11 36 83 6 195 178
32 6 334 25 5 12742
5249 9 16099
32 2492
7 249 24 63 195
91 46 2507 171 4
33 293 621
641 8163 627 65
14 246 940
5 1591
1995 703 11 2320 1550
33 11 5 16911 212 124 118
49 518 9 1413 182 57 765 2128 6
1 15 45 7 1387 55
7886 8971 1 144 19 19
383 6 1751 6 197 55
2088 5 541
7 1328 6 17842 273
518 55
27 4180 27 10920 4
2473 4
1538 9 341 36 5 112 11 5 1716 754
336 382 1609 25 349 2058
192 55
33 12 2009 7 1 2042 812 10 61 410 56
7 241 6 993 524 145
7 140 25 5 1139 1346 6 3086 25 729 7 23
1068 21 105
143 3367 32
293 21 24 18 293
271 21 7 2767 16086 9 516 72
81 1255 7 72
5639 15 223 38 34 5 9403 35
8984 55 4 7 266 49 355 1315 4
67 23 11 1691 19
211 4092 70 13 140
9 119 34 736 34 370 53 7 4822 8 332 19 19 19 19 19 19 19 19 19 19 19 19 19 19 19 19 19 19 19 19 19 19 19 19 19 19 19 19 19 19 19 19 19 19 19 19 19
1 6 24 267 18 61 103 62 765 1499 4
24 93 16 922
49 940
5 67 16 5 289 4
5 9188
1426 866
30 7 564 1119
302 6099
24 93
1 19
396 190 1527 55
7 193
1502 19 35
889 29 811 4538
5 67 11 5 2611 16014 15328 4
1671 1339
564 4
539 81 268 12 74 661
141 1540 47 26 257 335
2972 12 120 7 1267 6 461 279 58 160 8485
524 145 1502 57 3321 208 1683
1 1048 193
1109 2987 9 3610 2706 31 360
7 3278 32 23 21 58 294
150 21 21872 5096 8315 57 696 12 12723
5 264 13579 70 24 93
1152 17
2722 6 3897 6 628 19
538 8631
164 19
13 82 24 1481 229 27 226 27 1099 273
32 17 4
5278 3164
1412 1246 8 277 628
34 184 6 20330 56 18 1306 50 32 4
2180 840 3866 1
7 1020 326 70 5 23867 17
131 53 5 2287 21 131 36 18 53 13 17 40 332 23 4
1848 19
5 1391 11 1115
7 1
14125 15 9608 294 55
1822 404
32 13591 9 7 1235 25 14114 4
383 990 273
1327 21868 11 7 775 4
59 122 6 21 10 20 32
32 17 55
5 67 273 17 11 2258 51 230
314 4287
122 22
7 49 1 6 560 441 869 8 525 2601 9 16092 12748 145 19 19
89 119 5 181
3180 9 184 6 105 17 8 7 23 22
42 7 778
169 1181 1032 89
24 188 1431 758 547 7 17
51 605 55
403 425 5 2233 444 1017 11 7 32 263 566
10 15 7 169 34 813 35 124 47 22
5 7759 72 55 5 653 22
10093 239
7 169 34 171 35 23 22
44 31 29 22
5 201 615
277 2126
6651 812
284 480 23 60 10 4
7 1831 829 19
33 11 5 67 83 1846 221 3277
122 25 5 364 55
63 1494 123 16 7 3736 23
24 706 6 117 216 1378 4
5 264 1042 346 18 118 76 4
14 253 4538
1460 11 8047 326
951 5 9406 23 124 118 22
341 7409
10 156 76 1313 55
2311 3347
5 15341 5197
44 235 399 8497 4
3937 6 1278
3049 164 1891
3482 74 589 9382 74 696
7 140 17 6 21 13 8 745 19
741 19
3808 30 16077 8 40 518 23
14 298 10 19
3231 15 1039
8624 564 4
271 9 901 285 7 993 6 63 792 559 11 1296
202 388 55 1 97 1841 4653 4
2363 4363
10366 4
7 826 23
1776 1121 21 13638 9 3801 4
6122 8 175
6402 1 66 1
7 3419 54 36 85 19
48 524 19
48 17
1294 360 9 1102 30 49 1 859
58 33 52 66 248 627 19
42 20 53 10 15 4
24 54 36 93
13 17 8 93
34 10 259 3997 52 731 7 785 4 35
5 98 940 23 16 5 327 618
363 783
435 706 19 19
7 49 605 3512 30 34 134 779 17 35
1112 8 108 5 278 8 13 1458 546
6812 16 5 289 4
62 7 167 11 401 4
6314 6 33 532 9 33 465 55
1952 8 5 569 4285 11 310 83
131 169 60 10 8 55
13 269 15 1544 2290
7 93 318 6 3416 16 5 33 25 5 589 30 49 134 1316
1005 6 21 24 93 55
591 65 12 69 283 2548
7 1750 114 72 6 63 195
16 318 11 5 1
5 98 181 441 23 8 7 248 984 6201 285 45 3259 4
20260 157 6 21 42 55 774 52 36 39 1 27 5 594 289
16 5 7772
353 112 12 1348 10 4
48 607
241 397
2558 1211 92 134
382 6 1100 9 18942
7 4334 271 21 7 122 621 4
1 19
226 23 4
213 296
5 3922 272 4
7 2481 168 55 897 1078
7303 6 3819 1179 16927 40 175 1291 1426
48 2135
6110 11 21882 61 309 56
4466 54 37 1 15 1 19
105 117
91 57 7 14692 402 11 2349 19
605 12 1456 19
954 828 8 1377 11 135 1945 1587
49 32 17
377 2179 329 199 256 664
499 4
24 357 6 21 9381 1834 5 278
24 805 27 93 27 244 580
7 4290
5 201 615
883 70 28 15 46 84 5 95
114 29 34 37 264 17 55
1019 2962 2698
5 920 33 12 2009 812
302 6 5 1765
3073 9587 19
34 14 1382 4332 15 897 182 30 13 22
191 7 455 325 17
55 587 14762
4575 15 264 2510 23 7 1235
29 138 543 10 4
48 788 17
24 93
28 138 41 948 37 589 2923 1153 36 83
5 386 16 505 61 2258 56 642
10 15 45 2415 19 19
3645 1
7 366 94 221
2180 6 49 783 221
3700 974
2012 8 7 134 81 160
24 93
42 92 44 9140 25 22
7 1020 326 70 5585 70 2827
5 140 890 171 30 7 446 4
3241 914 1174 87 4
554 6 119 42 20 211 12 522
1168 531 6 358 4
9849 990 9 3438
1 13 1832
24 267 42 68 29 16 18 15 191 143 296 296 199
29 504 530 19 19
204 8 332 19 19
5989 370 11 58 1891 397
42 79 14 151 22
2892 15 779 7764
5289 6 174 706 6 5520 2819 5 239 4
5 224 6 49 321 223 38 1068 3053
7 49 105 6 74 356 400 8976 11234
4871 2168 1188
7 23917 11 229 1847 1001 16 6448
5 5152 510
32 333 50 26 114 205 22
24 93 6 21 24 353 4921
2656 5 1270 12 1113 778
13148 1 1 1
24 27 32 27 5 95 33 4
5 1367 8 16 74 413 4
48 621 19
1095 1612
721 1938
42 7 894 776
81 85 2365
138 183 748 260 574 238 4
24 81 93 6 21 58 1639
1359 150 9 608
4857 609
131 181
579 9 581 61 1374 56 150 106 22
7 787 7912 2122 4
701 779 565 4
2259 65 5282
226 4
13 17 8 226 19
5991 8 1469 4
175 23 1201 19
1 1
34 13 83 1846 877 6 20 5 67 4
3837 8323
8973 1612
7 49 1354 523 285 10 82 39 292 155 13 17
85 89 84 6650
7 49 1885 25 228
439 17 8 43 7 49 192
7 20333 102 9 7 23892 102 32 6 480 625 575
1981 710
514 5 2875 269 256 4822 35 8 2260 5 67 358 150 10887 586
790 2840 9 1204 4
7 606 221 152 8 488 1373
960 1224 6 21 7 295 23 18 8 24 16 32 1312 51 230 13 269 4
68 26 2412 18 93 4
4509 1460 19
8171 256 664 4
403 27 5 1430 23 4
24 1952 5 34 643 35 156 5 5714 424 19
1285 4
58 1161 6 14 240 1447 5 386 621 55
1 21844 60 4771 90 1086 12 1 1433 1
33 11 5 67 115 11 1754
5 733 4474 11 5 289
24 48 6 78 49 192 6 21 7 23 22
1345 5664 28 3688 31 25 17931 19 35
29 127 5 7905 55
2055 5 5835
16030 145
3721 1541
386 58 463 55
10 8 26 7 1010 1051
5 72 22
40 783 1304
204 8 332 19 19
16033 70 17853 9600
16104 238
31 263 101 1 59 13 747
3055 9 1473 150 5 620
12757 8 7 1182 19
10 15 633 6 21 24 162 635
5449 1799
5280 1730
367 3687
143 93 55
7 1 1 17 19
404 1287 221 4
49 680 17 61 321 98 122 23 19 19
74 287 356 11 5 388 99 124 118 19
7 201 778
24 267 14 53 13 55
584 405
66 82 39 2465 25 69 283 2373 19 19
9 32 1526 4
5 572 11 530 19
163 12 39 46 53 5 126 219 11 2810 6 309 4
36 118 32 17 60 410 150 21 108 32 54 5 215 83 12 121 20 181 4
307 2180
14 462 10 97 41 12 39 54 816 22
7 2070 11 1031 1266 12 419 6 5 1 711
5 6118 1448 17 4
2638 2154 15 1915
7 293 714 33
10 15 403
293 182 19 19 19
89 84 5 181 6 21 108 32 354
193 19
7 98 680 269
92 29 4258 12 5 838 22
49 341 5 197 1119 12 7 1487 705
5 67 20305 145 102 38 594
358 5917
414 399 14154 4
7 15367 424 11 33 140 15 262 72 4
176 5 1012 199 31
293 21 55
614 6 59 271 9 720
24 5 673 23864 25 7 67 387
720 19
23889 9 5835
919 38 19
5 67 13648 23 11 36 83 22
5 1308 136 1767 2365 4
10308 4
24 5 219 15 168 6 21 5 197 168 19
19002 5098 55
723 10606 17 579 19
24 680 205
143 32 17 19 19
901 263 968
728 6 2109 1891 4
5 3723 3764 3929
24 27 48 27 137 21 32 1337
644 305
7 1354 523
46 383 84 7 20339
40 5789 4
7 32 256 4024 443 19
5088 1 292 9373 227 4
7 1020 326 70 2575 10857 10313
13155 6817 9 4029
7 1736 523
88 13 17 92 108 22
1 546
14 47 26 53 13
7 569 5914
401 19007
7 193 18 1088 65
363 783 19
49 787 19
3000 11 2382
980 1022 8298 7 1287
24 496 1116 15 917 750 6 21 10 15 24 399 15 342
6402 1 66 1 72 55
5 4879
5 952 11 546
652 318 2738
2922 9 10340 82 950 1497 19
1323 33 11 5 886 12 2009 25 67 387
7 382 5339 63 16003 55
143 93
5446 221
42 20 5 278 11 303 4
268 12 120 125
7 5790 631 221
5596 4
48 23 6 21 24 48 6 17
158 321 13 112 12 168 4
1 7529 2796 19
164 6 21 49 1186 9 81 456
1354 6 19
656 6 6397 9 11264 21 16 13 23851 8 820 54 7 221
404 171 17 30 188 83
185 153
16104 238
114 5 1394 11 11261 16928
7 569 209 3000 18 8 59 7 3000
14 246 1047
4942 1086 12 8792 465
10 15 1019 4
1752 6 561 266 55
24 81 93
241 23
295 19
7 337 23 25 7 1177 140 11 5 441 446 4
5 1195
10 15 7 32 17 21 55
8808 19
1 3642 150 8032 586
241 840 6 1224 72 657
7 9166 221 4
68 18 11254 29 22
201 296 4860
3065 38 3969 669 1995 1830
51 29 47 24 755 60 42 15 164 19
270 39 38 5 36 5 219
5 264 13579
3073 9587 19
2424 65 9 2424 1148
8044 542 179 49 677
981 6 1971 279 201 706
897 5 1018 72 11 5 3165 4
582 19
50 2623 53 2604 65
7 1020 326 70 3523 3213 70 460 9 5242
7 224 513 6 42 4
213 179 46 84 10 20 164 150 21 24 48
608 72
5458 329 3504 11 147 12291 6 13604 9 12291 1188
2171 76
42 88 55
372 357 21 24 247 69 4475
403 21 24 54 5 266
517 6 567 5 95 17 4
67 5789 17
256 1500 707 1
7 169 1952 16 922 23 428 4
7 32 256 4024 443 19
19 19 19
3194 432 1 2298 136
40 808 441 221
762 1309 9 792 12 493 55
2116 5 3613 482 22
29 127 42 15 276 19 19
2885 1174 8322 19
49 820 17
32 397
5 9197 42 22
7 48 979 6 152 1418 7 2536 1048 1839 473 435 4
48 597 21 55
49 826 263 405
40 965 326
33 11 5 1018 99 124 118
176 92 77 22
1152 17
7 387 30 2430 9 7 233 1850 6 21 187 7 120
5 8015 18 216 304 4
85 89 84 5 2737 11 347 1963 61 202 1063 56 4
24 970 38 5 1495
10355 19
40 341 621
147 2203 17 11 5 2488 4
338 700 503
7 9602 8162
6104 3731 9 658 25 169 1181 7 1 574 1
7 213 20355 20 14
2616 15 673 17913 11 1503 6 365 6 9 9621
2616 15 115 399
34 7 1344 90 15 5 219 16 7 443 294 19
49 1205
488 940 4
507 54 5 5839 16 2575 256 9 704 55 34
7 197 3274 398 145 4
32 6 21 818
89 84 5 404 11255 505 8
46 11 7 2536 12 376 4
46 11 5 215 4
2315 102 294
12757 8 7 1182 19
4924 326
7 569 5914
7 652 1380 193
147 499 788 70 275 7882
2842 4
518 6 9 5 415
526 23
97 41 111 89 19
50 26 127 96 12 168 7 7378 214 16933 4480 19
7 2775 4
12728 13
5979 480 2166 25 7 23
49 518
457 52 355 17 4
294 55
289 6 445 3006 6
5 67 4195 8451 740 124 4
10 15 32 4
5 10118 8 2343 12 8985
1 8650 6 74 10933 9 2794
49 296
7 355 326 214 11898 3543 11 400 1655 4
68 24 128 74 748 19
7772 5 7772
7 4290
47 26 506 88 10 79 39 293 593
468 2016 8 158 22
14117 19 4
7093 586
108 7 616 9 122 275 524 145
34 279 2188 61 2193 56 1420
1 8 1 6 9 40 1541 17932 11 5 795 3969
67 12762 7424 124 19
327 1553 23
104 878 2375 291 12 5 93 115
459 25 33 11 5 269 42 10 580 444
50 24 437 16 4
1222 10 6 13 8 226 19
34 3426 70 312 29 97 47 30 66 1525 115
5 255 47 57 163
36 5 1651 15 444
7 7772 11 1 562
1269 9 357
582 4
1672 260 524 145
11254 22
401 6051 19
4944 3822 6 49 134 81 4
24 1047 4
755 60 7 499 221
421 7 1102 30 32 212
34 14 436 188 1562 4
28 20 5 415
7 1571 2125 11 607
78 398 828 22
49 680 9 599 7310
14 172 535 930 19
5 201 5717 744 9614 514 5 16950
9619 19
7 1 25 5 708
45 81 48
15400 11 5 23916 102 650 1 1398 102
34 302 6 482 19
644 305 9 1544
1 102 54 37 98 620 9 164 17 4
24 970 38 5 1495
699 52 667 12 5578
143 1851 6 164 788
828 2140 247 5 95 130 21 24 973 93 11 40 226 701 1092
1058 324 64 11 340 30 46 84 103 7 487 16 5 572 4
658 122 6 658 6 357 6 63 195 19
14117 19 4
48 5296 124 22
1023 976
40 403 9 230 57 94
6979 48
6306 15 67 55
679 834 450 3818
612 178 19
3837 8323
5 589 41 29 41 29 55
39 386 19
7 652 1380 193
7 3282 5279
34 37 264 6454 35
187 10 178 4
45 27 226 27 231 9 585 4
1693 9 945 1 829
34 1134 1096 35 650 34 2807 15 6044 35 38 894 9405 19
5 625 11236
2864 883
620 839 3203 1276 348 63 150 1505 9 441
14 172 243 1 743 19
421 7 32 221 55
7 1020 326 70 3523 3213 70 460 9 5242
7 294
762 1309 9 622 6
14 20 1047
5 23871
13645 10924
7 262 631 273
741 17
7 142 2439 11 7 17 6 1 6 1 6 114 443
1255 21 49 160
728 214 181
628 209 826 65 382 72
901 263 968
24 1047 19
7 193
5 5204 27 1
717 803 6 214 525 122
341 150 210 26 431 9 158 321 13 8 36 136
5 98 1487 17 124 118 4
524 641
3319 260 7 49 355 1315 4
1 19
13 20298 52 66 401 300 4
717 358 1186
14 245 10 4
147 33
3049 341 88 29 47 26 571
263 13610
32 58 16079
2816 3964 25 2033 1800 4
38 5 215 2589
3613 22
4920 11252
525 652 225 394
46 84 45 60 5 869 55
213 728
2204 1349 579
332 19
7 1295 1830 4
508 19
2096 110 6 49 2328 6 140 6
7 249 24 63 195 19
213 564
16027 6 12288 620 441
7 134 16949 6 21 1274 341
1609 53 545 53 693 6 7 332 335 4
34 204 8 332 56
514 1813 136 15 2536
150 106 22
40 2372 9 357 3340 4564 23
7 3166 6292
48 457
93 9196
10633 364 6 29 79 1644 144 4
49 901 221
2490 69 611 163 60 10 36 4
2286 3282 145
46 11 7 2536
1838 17
488 164 19
48 23 19
1328 94 17 19
652 294 208 1 17 157 31 26 120 18 1219 52 355 166 1150
307 1630 4
4330 589
2116 20 5 21886
5 974 12 419 6 21 108 7 32 9 236 23 4
16 147 17
7 338 23 4
6571 10 1832 19
7 295 266 6
7 93 145 19
7 820 194 54 5 8476 692
581 6 581 6 581 304 57 1
851 1330 4
797 52 1928 7 284 1541 559 11 405
361 1913 3522
78 8 10 5987 22
5 715 136 1767 2365 4
58 1609 155 36
5 408 350 30 13 279 1098
5 314 500
117 31 733 5927 4
7 1012 621 19 19
39 386 16 505 25 7 48 17 4
24 27 32 34 2421 35 61 309 56
5 2558 8 2216 6 9 51 8 19
10 20 7 884 17
1309 53 7 1092
48 23 19
347 1591 8 7 17860 6 214 73 81 1255
483 5 2718
841 11 3117
17817 5 8297
554 753 6 21 14 298 10 19
1 55
40 68 13 101 135 404 16036 19
1 7526
252 15 17925 65 66 3549 4
4574 1544
143 1102 55 7406 24 16 5 32 256 1 99
3213 8 177 16 43 55
32 212 6 671 72
12 39 6 78 24 12 39 4
67 725 1026
3927 50 10 136
16 359 4
4575 2769 10 136
9169 19
1922 6 97 41 111 4
3547 21 563 1
1448 38 19 19
74 287 356 11 5 388 99 4
452 5 10344 9176 19
33 11 5 67 358 11579 19 19
7 251 80
10635 34 523 35 232
7 579 9 581 61 1374 56 150 106 47 77 178 6 178 19
1327 503 57 1249 4260
7 843 455 325 17
93 9196
3999 10860 6 584 1502 19
54 287 34 257 35 150 358 877 4
6916 2052 61 8184 56 1420
714 166
525 164 4
5 1343 193
32 87 5 366 32 215
1 102 604 4
5 367 6 5 17
10341 1 6 926 1349 1 6 4863 5 1076 4
118 76 1313 55 5 178 22
88 13 8 7 1532 17 19 19
7 6901 23
15388 9 10916 360
1982 716 164 9 2839 4
67 699 15 67 23 375 1981 710 4
797 15 4163 50 24 1552
9849 10094 4725 4
40 122 6 21879 1280 621
357 4
51 940
24 93 21 24 241 4
5106 10
47 29 344 16 5 2611 263 22
100 15 7 8787 32 2585
5 1195
1851 134 1019 1426 19
5 72 663 5 428 11 34 1983 35
7 1 6 1 823 5156 55
10 15 24 615 186 1122
1345 22 22 22
1849 3383 94 346 61 2602 56
1 1
13 8 36 5 112 12 4001 15 1
34 14 121 18 15 48 6 69 869 35
5 12274 13615 7001
1714 4479 22
192 3730 38 11252 55
27 1013 27 1
192 3828 514 961 114 5851
48 1182
5459 2235
828 2140 6 191 164
1165 1863
34 18932 36 8785 217 4
10104 4608 15 3921
7 712 360 17
383 6 1751 6 197 55
1294 836 19
2090 684 2131 10 97 39 55
426 32 72
58 7423 19
144 48
90 31 29 235 12 380 22
222 1939 54 5 2343 15325
5 1591
48 17
4284 15 67 182
1231 516 457
11213 19
2041 9 13621 2703
42 20 5 415
2787 1924 10 179 4
42 4
5 1791
33 11 5 98 296 115 11 36 83
7 160 294
2578 16 840 9 7 48 4124 72 4
360 1394 12 6057 1571 21810
7 46 446 1394 12 5 365 64
29 47 24 161 13 17 138 39
400 1
582 4
7897 1
5 67 1218 11 5 2821 266 21 108 7 295 266 18 4
5 23 18 819 10 36 81 85 11 10
1 256 664 171 4
945 193
24 59 5 67 17 12 5 181 150 10589 586
472 268 260
7 382 6 214 383 262 294 6 63 195
9 5 1317
215 1635 4
1 6 8292 1017 11 3901 62 1 21909
5 1134
5 67 17 11 682 2530 51 230
995 6 42 10 580 38 76 19
10 36 684 19
13 8 5 171
193 19
797 15 5974 6 372 9 951 7 1550 2831 7 1123 55
18 15 11937
175 17 740 11 7 2354 15318 4
2182 76 16
605 12 1456 19
4871 2168 1188
47 26 571 13 54 36 60 135 12685
797 52 1928 7 284 1541
143 3367 32
24 105 19
7 694 1791 19
7 17863 1 11 1
14 279 6479 81
11213 19
7 49 680 1019
230 6 230 42 44 206 178 22
982 5 1218 15 18995
143 2937 2640
29 240 437 53 7 48 725 18 7 24 48
62 230 33 11 5 1 61 594 56
42 519 386 22
5 1591
7 20368 17 55
1141 1921
24 162 337 21 32 205 4
587 14762
7 7646 11 7076 3581
17822 65 5 794 8
263 5531
1206 16103 23 19
103 5 415 569 2403 11 7 1 23 11 2349 19 55
1323 33 11 5 886 12 2009 25 67 387
13104 9 7274
32 122 6 21 24 836 205
658 487 6 321 357 17
5410 21926 2450 702 65 7 782 198 38 954 6570 55 1 13 22
1 6 1 55
337 6 443 1839 1984 596 30 7 1 18994 16 7 564 1119 35 9 5 342 56 1240
40 341 6098 285 1903 3978 8 207 187 343 4
34 24 93 1304 346 19 35
77 1661 13 33 16 6208 22
29 138 543 10 4
29 251 436 13
1345 22 22
143 2937 2640
40 341 621
47 29 16 18 6 593 19
192 55
2180 23 25 1 370 11 5 327 11 5 99
59 24 18 55 15360 55 236
655 208 1 1786
24 93 6 21 24 5 401
7 48 397 25 5 1134 55
7 48 441 23 19 19
95 577
7772 8 211 17 150 377 1112 52 15399 57 5 14182 1 19
945 9 5768 214 108 7 1885 194 1072 7 10373 455 15 367
81 85 1270
3381 6 31 29 3750 107 22
1876 122
5 2324 10111
61 594 56
42 79 14 151 22
1180 260 618 260
42 7 252 238
2892 15 779 7764
3566 7387 15 1894 1989 1185 11 5 89 84 137
24 953 4
23870 3547 6 7090 1554
1 19
5 314 500
616 6 606 6 9 122 19
755 60 40 783 23 19
36 228 6 204 8 332
114 29 36 101 190 55
6107 19
40 175 1921 6 1141 9 1999
47 26 4521 42 1355 26 3833
7 193
496 398 15 34 145 35 17 59 222 18 8 5 67 114 72 4
7 6377 776 18 50 26 1552
5 1207 8 4761 21 925 15 531
275 6 1255 6 21 716 1986 4
7 167 89 84 14 137 55
5 629 11 58 33 52 36 83 6 252 2593 6 5 67 23 55 4
2630 8 13
24 18 93
45 2213 186 48 262 9 679
105 829 21 24 27 7 23 71 41 111 89 27 5 181 19
426 20 160 6 55
513 4
5 1343 1048 193
655 208 1
7 273 60 7 455 2148 150 227 933 12 2227 4
51 55 10 8 55 1339
17823 9 39 1068
14767 15 1287
14 194 54 5 154
2412 10 9 80 4
48 263 17
143 32 11918 4
557 9 3238 12 5 607
5161 2165 103 4946 38 13 383 23 6 81 296
7 321 6 88 1303 6 1619 6 30 1056 1824
24 81 275 6 21 22
7 1020 326
176 15 5 1270 22
1287 177 38 803 19 55
40 417 53 58 126
40 617 294 6 160 32
3583 9 10923
89 84 5142 55
132 915 448 4
644 305
5 1391 11 1115
823 976 19
48 829 9 652 850 23
7 221 4
1757 9153 9 94 23 29 183 161
418 1 40 1 55 103 44 118 6 647 202 22
1512 5 93 1388 154 6 21 8 46 53 5 325 34 609 27 5 95 130
4330 589
808 72
835 9 798 963 4
15326 2464 13 239
5529 17877 17 1727 7 160 1628
4774 23924 2994 4
584 405
754 11 2780
2508 9 2748 405 19
147 241 2524 16 17901 1756 15 23901 171 6911 294
1 4320
2052 8 7 122 6 10 20 7 51 105
7 197 23 155 147
7006 793
48 3092 221
1 55
7 49 2215 171 23
5 1 171 1 1 273 19
688 5 813
1 12 36 5 99 6 43 15 114 36 30 7269 55
7 6655 164 194 1072 5 95 23 18 8 5 13624 72 4
7 1750 294
1619 19
48 94 17 4
21862 22
19
360 17
100 15 5 1314 4
2199 32 16 3259 446 23910
24 162 337 21 32 19
832 5656 102 5 2707
104 16011 650 740
461 6 43 82 39 46 55
14 138 41 161 13 33 633
371 105
7 49 63 6 171 17
8805 7 135 3375 19
1804 1540
584 4006 5660 5715 576 38 5 643
14731 22
412 5 342 11 5 388 21 7 32 621
7 321 17 19
820 1315
5 486 11 1045
40 94 23 18 82 1145 39 1939 16 5 4244
175 19
958 9 4697
48 2619 17
4574 1544
187 220 4
105 9 8656 188 83 292
421 19
46 94 84 3918 22
51 132 1165 55
277 332 4
7909 12 419
1608 5 1139 4
3006 12 1113 238
496 398 744 38 5 963 12 858 52 5 952 11 546
237 44 138 41 504 5 533 18 1490 541 1351 438
10 15 16 5 888 120 13
1166 29 5 140 19
89 84 14 137 150 10588 586
34 2245 5 1338 35
5 1 16093 11 1095 655
24 27 616 27 5 95 6 21 108 7 49 32 432 4
42 4
443 17 18 79 468 2016
23923 4653 12304 30 7 866 1583 12 98 622 9 882
58 294 6 21 14 113 307 4
29 79 280 130 64 3540 4
7077 1714 2281
836 6 3827
5 400 825
554 6 144 106 15 5 67
946 313 221 70 8994 11 1823 653
24 48 21 32
982 1860
7 679 110 969 6
10 15 40 341 263 94
284 8329 19
27 1030 6 1186 8611 6 130 9 5 23 8 7 2291
561 8 24 5 408 1188
7 1 11924
679 834 450 3818
42 88 29 8 13 7 1 10 36 291 12 39 4
302 2381
147 564 202
1 18973 15 5777
5 23 8 674
59 499 1 23 1201
616 9 824 266
40 417 53 58 126
5 4823 969 11 5 275 692
7 32 256 221 18 384 36 5 112
210 26 115 39 1 22
489 22
42 386 22
5 5204 19
483 5 2718
62 230 33 11 5 67 775 319 212 14 183 161
4533 9 1300 65 8186 63
377 1112 52 15399 57 5 14182 1 19
7 1354 523
4259 21808
43 8 58 1095 3028
2041 9 13621 2703
33 11 5 67 171 115 9 13 269
7 784 23 55
33 11 5 67 83 1846 221 3277
606 834 495 16 4460 4
106 13 150 6191 586
7 887 1490 417 1174 74 32 4
360 19
2069 135 2433
2508 922 441 193 4
3231 4
45 3259 4
4432 8 45 53 10 22
58 1013 8304 2053 4
5 67 11 5 905
277 1142 74 401
720 273
8 43 40 409 6 5 193 112 8 32 211 19 19 19 19
2764 21 5650 221
1 19
48 441
122 25 5 497 263 4
1736 19
2511 1800 4
40 190 224 1193 11 5 4986
18 15 405
1258 55
7765 9844 4
34 15 1952 35
13148 1 1 1
169 538
392 9 103 5466 8 187 7 120
2658 94
10 20 374 55 21 24 89
108 7 32 17
2046 797 8 175
5 224 93 1907
14 41 161 5 1530 289 4
44 206 616 55 44 191 245 33 57 696 12 168 19
19 55 739 10 19
514 5 12317 55 108 7094 94 15 93
7 193
5151 8 7 294
57 5 345 11 5 446
40 1091 273
41 2026 4
712 6475
5 1
45 360 9 337
823 976 19
295 23 18 8 733
7 1736 523 70 7 1480 564 61 88 39 7 32 17
14 246 1047
14 20 1047
67 881 9 1868 29 82 80 13 23 19
1532 70 813 11 5 2721
2419 60 5 430 11 5 266
90 71 124 55 4 188 22
24 32
823 976 19
164 21 10912 503 11 2404 15 1110 57 5929 6 1 10367 1048
9826 936
14 678
71 41 111 89 88 55
176 13184 1088
11568 9 2133 6 88 131 46 720 4
3271 21 68 26 142 65 69 163
5 486 11 1045
32 6 21 158 20 818 30 5 2575 12312
96 22 22
7 2537 1855 190 5 3718 6904 2654 4
34 1942 79 207 39 1 104 1 47 26 127 13 19 35
7 1108 740
105 16 1595
33 11 5 67 115 11 1754
518 249
1630 4
24 5 17 77 92 1215 25 29 53 386 19
1 2368 2544 5104 559 12 4001 15 1
7 251 80
48 17
2974 296
1382 401 12 7 3522 19
9626 9404 1086 12 952 1197
34 1153 109 35 23 19
961 9 1625
2428 58 4
241 25 76 379 6 21 108 694 11 83 30 8618 12 109 1635 4
5659 16917
808 221
628 209 826 65 382 72
239 66 3353 19
7 355 9 1748 441 221
1 24 133 4
24 93 6 21 24 89 84 5 181
40 2240 193
42 5 1633 8 13 7 32 17 9 122 19
10078 25 5 589
335 136 6 21853
5145 3000
8965 9364
24 93 21 10 8 55 1339 78 958 22
91 25 42 29 183 760
49 1284 1281 145 21 97 10 41 111 118
29 111 1
192 55
69 7 294 4
2375 54 37 67
313 1 54 37 67 1 3402
469 21 887 503 260 4
158 276 6 21 55
833 6 108 7 48 23 4
234 7 6374 17 19
12698 2119 48 7068 139
42 8 18 93
34 5084 310 35 150 2875 586
36 80 9 1061 57 40 443 778 4
894 8813 83 1605 61 2349 56 1420
7 564 72
7 652 1380 193
5 23 15 5203 13123
8182 195
4683 88 29 53 13 55 29 79 120 88 29 4
18 15 405
5 655 11 2379
7 6214 11 154
937 866
47 24 41 12 39 7871 16 13 33 4
13 17 8 1021 12 1310 65 136
34 466 76 19
32 38 5245
2392 4
7 48 1315 23 4
1224 6 3937 23
147 23 176 13 8 18 2088 15 945
7 4869 441 193
3583 9 10923
29 41 12 1484 10 55
787 9 2839
7 134 256 866 169 305
7 1010 252 238 4
226 88 194 129 5 826 18981
49 32
143 94 88 25 358
1018 189 12 257 64 11 100 19
3003 79 575
213 296
24 25 5 4509
47 26 2557 30 163
439 145
58 2285 70 7 779 17
1473 6 680 7624 1197
7 635 194 129 7 439 9 820 110
16868 7279
2519 87 6 49 662 380
175 23 1201 19
361 6 2923 9 3403
17 1309 5 3377 424
23806 743
7 856 197 294
13168 83
628 209 826 65 382 72 70 307 499 221 4
18928 9 1
201 778
146 2170 6 146 2170 129 5 545 4
945 21 1634 679 788 273
93 2822 6 355 558 166
7 251 80 12 344
24 91 3761 164 4
50 24 2493 5 1317
143 2937 2640
275 7882
59 59 105
14739 1
951 1975 15 917
2024 9 4136
18 81 4
5 1 11 5 8993
48 564 9 617 17
679 387
48 653 1609 8 70 713 171 115
24 680 205 4
226 209 4
5 1 11 5 8993
14 45 235 147 571 93 12 120 4
143 32 23 93
1594 524 1 221
48 682 17
348 5348 6 59 7 134 89 84 13 5526
1 6 12354 6 10369
1712 76 5 1
6313 4
2604 3511 42 55
10308 4
106 22
147 139 2506 57 4856
5472 1609 19
2413 3398
24 260 85
40 403 23
33 11 5 67 701 115 14 183 124 161
1005 4
1342 177 25 396 21 108 24 48 78 72
42 8 276 30 244
14 493 19
192 4
89 84 404 6131
122 4
5 3376
496 398 744 38 211
29 111 1
9873 13 263 4
614 476 16 4063 1741 1801 273
143 2937 2640
4574 1544
7203 11594 54 86 67 4
730 266 4
1 8 3104
7 14136 812
24 93 21 97 41 111 89
1630 4
34 88 29 1485 1094 602 38 55 35
745 1150
1373 6 1052 1394 12 5 224 888 289
5 1804 2863
33 11 5 415 94 115 6 9 40 701 164 19 35
3837 8323
2363 4363
7 1 443
40 808 420 145 30 5 5204
1 2197 19
7 6192 25 1981 435
1949 1983
1230 4
1023 976
14 235 12 41 12 655 9 495 692
14 253 4538
29 504 530 19 19
4219 47 19
461 6 43 82 39 46 55
837 5 1663 424 6 1557
258 89 84 5 2602 33 20
223 5 541 11 5 219 2333 22
12340 2165 15 1383 4518 10927 4
214 147 2352 62 2858 1287
10109 22
608 358 591 6 29 45 101 10 276 30 29
14 431 9 158 81 256 4
33 11 441 15 67 5287
32 17
314 122 25 5 364 55
5 252 15 418 10 13 138 39 19
14 422 151 10 15 258 33 11 5 1 164 115 124
8 10 59 897 22
89 84 5 1881 22
5247 9 2386 306 19
42 15 386 19
34 10 259 3997 52 731 4 35
74 1206 17
7 382 5339 63 187 5 3733
774 52 7 486 523 19
1487 23
176 15 5 273 22
5 264 13579
1 16 13182
4988 788
516 6 404 2242 38 3404
9 32 1526 4
4536 4995 214 55 5 34 643 15 143 93 4
131 236 6 6128 5 569 763 4
34 1460 11 8047 35 150 7 326
995 6 42 8 7 1 55
7 2041 2196 346
5 2205 23 68 11 1395 4
4332 16 182 326
5 2205 7193
90 71 41 217 22
34 468 19
16 922 19 55
81 85 1397 6 456 1 697 74 413 200 33 97 18 111 15342 231 20 5 34 541 11 147 35 61 410 56
68 501 151 158 22
416 530 68 5 629 239 6 21 256 4024 72
175 17 19
499 4
5508 15 443
1117 15 917
1 1
5 67 21 331 24 5 673 23864 25 7 67 387 4
1736 145
241 397
34 29 79 459 29 13 33 12 5 2144 11 7 455 1682 55
193 4
620 6 7178 862 221
7 1017 12 7 32 457 4
362 82 128 29 235 10 15 12 1 55 61 78 56 10 15 1078 6
7 4200 168 12 5 1 16103 794
1 19
19032 545 13121 55
295 19
14 298 10 19 19
7 1020 326 70 14 279 5 1730
53 95 11596
268 2121 441 19
1 1889 30 3965 11 94 9 641
33 11 2072 2616 15 2613 115 4
226 1383
40 404 221
7 544 305 1042 23
394 405 19
7 2041 1 6 23 9 46 53 7 32 221 6
24 93 6 21 5 430 195 990 221
1674 718 99 47 26 1637 5 536 17 22
131 48 6 21 7 193
581 6 581 6 581 6 581 6 581 304 57 1
74 356 23 11 2602
34 6475 35 8 7 21910 19 19
4533 9 1300 65 8186 63
1793 546 221 6990 11 1
96 313 1
7 3543 11 193 883
40 1831 5194 21 192 1990 829 425 411 1160 1954 5 20246
4
33 11 5 98 192 2021 11 5 9854 67 115 19
868 1014 6 658 9 516 4
355 9 652 352 443 61 1 56
2088 16 5 325 15 1472
5 67 23 124
32 72
10355 19
2764 21 5650 9 942 2939 2084 273
58 1161 6 14 240 1447 5 386 621 55
366 21 3051
363 564
36 5 1651 15 444
147 72 6 59 164
210 26 127 42 141 17821 22
143 32 21 1331 16 3895 4
131 181
516 6 21 164
2511 1800 6 8046 1450
14 79 142 30 5 1960 221
10 329 46 84 42 14 137
2269 404 23 4
5 1876 1991 70 1872 2486
7 32 313 23
5 386 2524 626
24 7 93 17 4
508 19
5 400 825
32 21 564
305 6 88 29 235 12 729 10 22
263 19
311 53 5 733 157
10 240 1406 29 2388 19 35
721 1938 945 1567 11 2841
66 693 25 812 4
271 17 30 40 192 1232
3721 361 1913 60 444 6 5 1669
89 84 5 9864 17 4
7 48 166 156 13 33 11550 30 5 3398
2616 15 177 19
176 31 5 2274 2333 22 22
13 1019 20 45 18 55 9 5 2575 754
27 32 27 29 79 101 4
5 9849 17 8 51 85 89 84 126
252 15 919 9368 2263 55
10110 7 945 21 321 795 221
16 147 17 4
40 716 366 94 17 208 5 13624 72 4
27 1031 27 5 318 10 580 76 4
69 7 5085 621 4
34 394 221 19 35
1975 15 426
5 197 6912
5 67 11 5 1263 99
39 2014 4
105 397 6 21 13 20 1886 4129
160 956
1844 514 7 646 1318
10 50 223 76 1 102
34 1576 5206 35
665 778
1929 4
67 6478 17 11 5 167
13 83 124 118 19 19
60 27 32 27 29 45 339 121 24 4
24 27 85 46 4
5 2829 906
33 11 5 342 99 124 118 55
14 235 29 4
13151 12314
5 788 5 541 11 5 219 61 9 126 1096 20332 55
383 9 662 3050 11 7 6129
1929 4
48 72 6 1 8012 725 11 5 23
14 4040
43 8 58 1095 3028
4462 1227 802 6 1665 54 2860 4
7 14740 19
48 266 19
1205 21 10312
29 31 60 12 120 13 17 55
46 11 7 2536 12 723 115
366 17
7 271 193 19
14 191 245 10 19
42 46 397
1 5475 210 26 729 13 829
34 24 93 2162 171 23 19 35
7 11908 776 16 5083 832
7 1020 326 70 16 117 90 307 12323 1876 9 663 10 5 572 4
277 7 49 105 33
32 122
516 21 1693 6 3827
7 3999 10860 11 1028
2858 1287 15 845 38 160 154 286
2363 4363
49 456 1071 9 564
1826 72
46 122
2187 9 20312 1157 171
24 8624 181 6 21 10 97 535 24 1386 32 19
13585 19
951 5 98 677 17 11 36 83 4
295 631 273 30 40 628 441 1
7 9813 829
804 19
1 19 35
227 933 37 23
416 357 126 228 24 55
77 240 207 41 6133 4
14 245 10 4
32 837 55
919 38 19
16 5 7772
14113 32
2088 11533
24 25 244 6 21 10 15 108 7 32 23 4
421 6 14 10084 6 21 40 617 33 12 168 36 47 13
924 564 150 29 39 150 147 2203 289 2131 62 7 2969 23
13 17 8 7 4059 4
8448 10063 273
67 38 2919 19038 102 3034 9 7078 61 64 11 587 472 268 399 19
1736 6 1736 6 88 29 41 12 39 7871 12 317 13 33 4
14 253 4538
719 4009
27 7 193 11 441 446 4
554 55 1339 11 802
143 32
7009 14748 1414 4
63 10 15 7 59 268 651
4041 30 526 87
24 5 67 9 67
7 193 6 49 783 1304
33 434 11 5 98 956 34 14 68 24 1047 4
2046 1168 177
1045 15 342
122 6 21 43 20 26 205 4
6642 1267 30 2601 524 4459 269
7 9404 1 5300
33 11 5 67 99 14 183 161
12295 2040 36 190 136 6 8 89
656 9 1 1548
7 63 792 6 63 118 2998 692
1441 30 74 356 377 306 115 12 33 4
48 17 6 821 13 318 16 5 154 22
68 44 1064 76 22
89 84 5 181
40 1095 193 16 885
47 26 146 3658 1 965 1255
1 145
11543 15 1472 4
9826 936
3930 1024 8648 5 457
7 9619
8805 5 1877
10886 194 3180 13 4
33 11 5 917 871 124 4
13585 19
7 63 792 6 63 118 2998 692
14 47 26 121 141 115
131 169
7651 2082
5 1795 12 4571 3205 8643 31 1863
386 12 131 4
2273 5 15318
984 6 20289 6 9 887 2566 16 2339 8484 4
2425 273 8 143 296 428 11 40 168 55 7 171 5969 11 1446 11 835 9 546 4
614 54 37 49 1068 55
138 39 23932 34 7 316 8 1444 35
868 153 466 6 21 164
1750 294
16 922 19
65 65 9 304
18960 360 4
836 19
3581 17875
2363 4363
7 273 18 547 58
7 2275 166 860 5 112 129 5 572 61 1 11 3234 19
263 13610
7 251 80
5767 341
961 6739 1612 171 208 1
7 557 16 188 112 22
7 1295 294
7 2971 1328 929 221 30 401
1 7526
7 717 16849 4
2638 2154 15 1915
888 1457 113 76 888 49 1457
145 78 273 22
2328 3776 18 5237 12 1310 1004
5 13577 278
2808 38 160 154 4
29 29 47 24 755 60 468 2016 285 100 15 7 419 6 21 10 15 59 293
1473 6 21 30 7 2331 19 55 35 55
81 680 9 599 7310
5 3037 13152 11 12727
225 13 33
717 2981 4129 30 66 93 117 4
103 33 79 950
5101 64 11 100 5 83 11 34 135 1945 4
10 542 38 7 3535
2243 5 996 4
24 357 6 21 9381 1834 5 278
82 1918 138 39 4296
6306 15 67 55
1052 7410 6 371 1102 3926
5 3037 13152 11 12727
34 100 15 427 54 5 15366 3036
3605 6797
614 6 569 976
5 67 569 2403 124 19
7 17 29 251 583 135 1945 25 4
241 25 76 7 823 417
361 1913 3522
514 1813 3022 6 10 15 498 81 85 16 7 1 112 10 12 168 10
7 122 94 6907 565 221
39 3977 6 14 114 29 459 58 33 25 5 389 11 5 139 19
58 687 58 59 19
14712 3257
66 1141 1115 55
1112 5 227 2646 11532 1112 8 49 192
5 98 17801 241 17 214 343 307 164
7 32 2482 1315 6 21 237 10 15 24 33 25 76 4
958 14191 17
14 245 10 19
63 118 1052 171 641 2369 66 160 3272 4
5 7010 8495 70 202 260 4
25 2063 5 13149 5918 55
2116 68 264 575 55 7 11931 7 4535
15406 10 1004 1727 7 680 1
175 145
1088 5 2050 11 83
421 216 292 12 13 33 4
5 9825 1910
32 232 12 1554 794 4
1294 6304
302 257 64 6
7 32 5306 1
4574 2096 9 732
8954 3519
49 884
143 32 19 19 19
32 9 652 788
2691 2199 38 153
7280 1845 15 704
919 38 19
2340 743 19
404 294 4
726 404 11255 505 221
7659 820
13650 9 5 2578 7658
404 1287 221 4
6314 326
783 294 19
467 800 8 7 1793 1 23905 4
16868 7279
7 564 4878 55
11929 11929 6 7524 1 22
193 1079 939
47 24 41 12 39 7871 12 317 13 33 4
2691 2199 15 67 17
3927 50 10 136
24 94 1478 21 32 123 4
29 4004 688 89 5 95 17
49 32
1074 279 779 273
382 157 4
960 1224 9 824 94
7 1432 171 193
40 226 2274 745
21850 16 779
7 7768 9 217 2593 23 60 1799 4
3161 171 17
7 826 23
288 12348 9 20352
5 1513 886 8 7 2215 171 17
122 6 21 230 57 5 325
5 447 1072 8 1224 242 4
10 20 615 186 1122
5 67 20305 145 102 38 594
2141 3549
46 84 2175 546 514 40 1693 72
604 22
472 268 260
6402 1 66 122 12 120 9 561 5 1
154 6 21 43 31 66 738 69 114 9 169
165 4
7 1310 238
191 162 341 9 1
7 2555 536 17 30 1304 859 4
34 128 267 18 398 828 8 7 2616 829 4
1 1 17
2259 65 5282
5 95 11 5 181 11214 23 4
5 2214 52 111 3902
63 10 15 1019 4
48 631 221
7 284 419 30 66 1669
412 342 455 325 17 124
16 922 19
14 210 26 994 5 14181 5788 13 767 12 128 19
18969 16890 25 40 2434 9 78 495 136 6 1696 15 177 12 58 640 55 4
2114 30 13 33 46 94 84 378 5 2050 11 83
1538 6 4854 6 2805 9 162 54 10 15 67 4
348 564 682 346
5 23 8 26 18 296
248 21 1694 1610 11 5 1682 19
456 6 23811 21830 778
5 1 896 18985 4
1373 9 1131
7 262 1841 621
14 47 24 506
7 1307 1503 18 1434 19
14 948 1215 25 158 12 522
2490 69 1232 6 21 716 8962 6 679 6 1736
7 569 5914
14 20 1047
7 49 105 6 569 1830 7 795 294 4
616 6 1 8012 725 11 7 17 6 4
7 706 221 6 21 58 1639
2578 17
1255 21 108 32 54 5 215 83 4
34 5 1971 8 6995 25 76 4 35
89 84 5 1881 22
45 27 32 27 5 181 472 268
75 15 3048
5 72 22
2315 102 294
277 24 1047
20 122 55 7406 97 41 111
131 169 6 21 10 15 143 296
106 38 5 866 19
5 197 1283 23
7 49 884 653 23
57 5 345
835 9 798 963 4
7 382 6 214 383 294
33 11 5 67 4331 12 124 11574 254
103 6895 165 1
5 464 15 3997
14 121 55 4
2101 101 3828 78 1375 6 34 5 3718 6904 2654 6 35 50 29 121 29 206 399 4
1594 266
105 16 1595 55 671 16 445 4
7 11243 12 5 1468 11 5 181 1263
14 172 195 4
14 183 161 520 4
584 9 382 4
1285 9 3827 150 21 547 46 16914
8970 2044
70 56 49 293 641 565
307 360 19 19 19 19
7 3215 21 73 1068 219
616 6 8638 6 2024 6 9 528 70 39 1373 34 1 35
7 4825
973 683 2693
24 48
16 5 5774 11 32 9 414
10 15 7 3522 19
5 327 1 199 14 767 57 561 905
17852 23 124 55 98 274 19 19
1274 164
90 71 29 3484 1063 329 22
958 14191 17
412 33 824 115 6 10 15 162 182
176 15 5 9877 22
7 134 16949 6 21 1274 341
8 13 219 59 667 1313 22
3723 2160 2342 4461 19
3055 564
606 834 495 16 4460 55
2046 797 8 175
1952 150 10932 8987 16 779
2175 55 671 11 5 758 4
526 1164 423
48 6 6467 720 387
1095 1612
66 10607 1324
143 2937 2640
961 9 1625
24 970 38 5 1495
92 29 4258 12 5 838 22
40 852 294
7 9152 182 11 473
3161 171 17
32 72 30 58 3237 232 150
3378 20270 25 1250
1122 822 543
14 279 6479 81
2295 9 11538
1273 247 1
122 17
1448 15 67 4832 23 4
20274 9 890
81 85 1270 481 12 7 17
526 1164 423
63 118 62 455 2548
48 17
1738 22
24 27 48 27 137 21 32 1337
9172 179 7 49 1584 17
24 25 5 357 4
5 4210 8031 4765 17
34 32 8969 266 19 35
226 4
260 4
2144 11 5 7626 6982 641 4
24 1186 177
4696 136 4
106 20 13 7 17 176 68 18 44 101 74 413 177 231
190 921 6 1255 24 18 32
42 40 1060 72 11 5 401 4
1 1394 12 5 2328 701 705
93 9196
47 26 1417 13
1759 16 7 714 23
7 2716 9 644 1998
122 6 24 13 8 7 48 171 17
7 820 262 263 17 8 60
81 15380 6 81 3306
302 6 31 29 1 102
1 404
32 171 23 4
10 71 41 12 39 7871 12 317 13 33 4
10 15 24 7 439 17
7 295 974 254 419
20324 19
4904 469 62 231 179
48 23 25 5 269 4
32 6 21 24 48
34 302 22 35
42 2798 47 4831 1082 22
4439 1
7881 118 1 5 157 18 20 40 168 55
1952 5 1192
5 10118 8 2343 12 8985
7 10893 11230 11554 11 7 17 19 19 19
467 800 17905 8 40 1990 9 337 23 18 97 41 111 55 271 19
2046 797 15 6916 2052
1530 388 8 10 7 193 19
4097 193 349 1 91 641 22
5 1317
42 71 20 13 22
456 6 1255 17
1759 16 7 714 21 24 5 2449 1267
49 1255 21 8 76 7 134
49 341 55 3802 4
32 9 652 788
48 441
13 383 23 19
2874 4323 741
3404 8 7 564 22
1 102 604 4
2096 122
7417 6 2024 22
1168 12 468 2016
2511 1800 6 8046 1450
7 294
5207 15 405
33 11 5 67 171 115 124 118
5 2324 10111
665 778
3645 1
7 3521 464 10 15 3997
34 146 25 29
32 256 4024 171 3996
5 724 41 111 195 231 21 55
3635 30 40 1377
13645 10924
3837 8323
4254 443
783 294
81 852 4
33 11 5 89 83 1846 99
7 12706 16 169 1181 1032 46 12 39 1
6716 6 12280 9 17827 55 4 19
45 3935
1891 385 993
42 7 523 19
222 256 55 561 55
4694 23
1 9 3570 1 641
77 206 177
34 27 8 33 658 23 4
32 25 69 446
14 172 46 326 70 200 1523 1480 33 48 239 18 4
544 6 392 9 516
235 66 607 22
29 240 14 41 24 706 6 117 216 1378 4
5772 55
42 68 29 133 22
5 2214 52 111 3902
544 6 392 9 516
11213 19
307 134 81 160
720 6 21 164
40 1855 38 1022 140 260
48 1520 9 13634 25 16936 4 102
48 788 17
28 527 86 4
12702 1176
1327 503 57 1249 4260
85 89 84 14 279 13 17
1294 360 9 620 6131 17 4761 30 398 871 55 4
34 5 1971 8 6995 25 76 4 35
10 15 261 11 7 787 17
45 2213
237 14 20 24 7 48 409 21 19004 1321
2295 9 11538
665 778
34 2116 35 5281 69 655 19
421 1591 55
1032 46 6633 55
24 1 21 116 18 85 7 251 11 303 6 40 226 835 21 911 1616
10368 7204
24 1047 19
2419 60 5 430 11 5 17 22
940 6 21 108 7 105 189 8 51 85 89 84 36 5 219
25 3165 15 2373
1956 32 17
341 7409
14 6727 4
1303 6 21 18 50 26 610 88 10 8 262 19
101 107 12 5 1 55
7 145 18 1 11250 15 1432 6 5 67 17 8 51 85 976
4533 9 1300 65 8186 63
40 5840 11 2330
7 1535 15 441 1301
2817 1380
147 1 23
455 1502
1293 5 5779
321 205 155 36 8 54 7 32 771 38 1068 3053
769 1379 310 264 505 11 5606
91 569 209 3000 18 8 59 476
147 1303 457
5 1122 1 4430 37 6539 4
96 268 14 124 55
7 1 19 55
13 23 15 6819 1 76 4
252 15 101 1
63 118 6 21 58 1639
7 9602 8162
808 9 1140 145
3494 4
14 80 1122 150 34 1122 6567 175 150 51 55
515 4
1818 1
901 263 968
1 1525
1342 177 6 9 184 10 8 177
293 571 55
13 20 24 7 17 19
89 84 5 181
14 79 101 663 141 9851
1752 9 11581 405
81 85 2365
51 24 27 93 27 29 121 55 4
341 6 443 823 417
7 326 11 5 227 15 17
106 22
7 1020 326 70 5 264 13579
32 249 19
24 11201 1196
1 53 7 32 6 1 4
34 1578 35 27 516 1152 746 121
67 227 4
569 614
246 175 6741 9 1048 193 4
23845 199
156 29 507 55
29 240 41 954 589 155 13 8 108 7 5478 78 130
1457 6 24 306
130 632 70 307 499
45 143 3367 32 4
74 482 19
47 26 571 13 7 145 8 7 59 3106 221
2397 1847 4
49 518
24 162 4
7 3889 25 7 219 388 1 4
513 7 1123 55
490 321 795 597
226 1383
55 14 68 264 417 64 6 6 21 108 164
10104 4608 15 3921
32 9 49 6199
9149 9 18938 3354
296 7916 11 2393 862 7 817 820 1780 503
251 80 6 21 103 25 5 232 8 4
50 29 235 81 2024 12 80
1 1
1745 1685
5 413 463 55
10341 1 6 62 1619 13 112
29 251 436 13
5472 1609 19
40 175 6 1428 631 273 9 7 2947 545
49 341 266 19
2980 15 1488 1872 3262 15389
7631 6 105 6 4324 6 2309
5 2829 906
96 15 655 9 2640
1947 9 2640
828 25 1201
751 1427 1288 177 12 5775 1566
199 31 60 12 39 3214 6 3006 55
1168 12 55
5 510 8 7 741 19 19
20324 19
608 168 25 952
7 16876 3896
1 2057 19
143 32 6 24 91 88 29 814 5 572 6 193 20 16 5 611 19
5 67 171 17 14 41 124 161
616 6 21 7 213 677 55
14117 19
7 9166 221 4
17814 10865
44 138 9351 1 2016
1239 1199 79 47 47 273 6 21 18 15 24 7 32 145
905 3772 634 12 1348 13 23 29 97 41 111 51 85
89 84 14 20 898
525 164 4
23929 13178 483 214 147 679 23
211 4092 70 13 17
894 1139
7 160 444 6 5 264 241 375 5 314 154
9188 1 30 856 1880
147 3319 17 30 1980
32 4599 221
171 1
