0 17.79967 2.198081 0.863281
5 9.729547 1.247855 0.941406
10 6.330475 0.649017 0.968750
15 7.2238827 0.330515 0.972656
20 4.782609 0.146992 0.980469
25 3.1625366 0.062559 0.988281
30 5.7138953 0.042350 0.992188
35 5.5742025 0.021718 0.996094
40 6.5202436 0.020738 0.996094
45 4.3679714 0.016701 0.996094
50 6.2371063 0.016082 0.996094
55 4.4231057 0.019563 0.988281
60 6.1088076 0.009751 0.996094
65 5.7513046 0.038049 0.988281
70 7.28878 0.013414 0.992188
75 4.9675775 0.027938 0.988281
80 9.512528 0.027867 0.984375
85 6.6729817 0.026439 0.984375
90 8.855991 0.019501 0.988281
95 6.5204425 0.024476 0.988281
100 5.176216 0.017763 0.992188
105 9.726364 0.016850 0.992188
110 6.774233 0.021268 0.988281
115 9.517905 0.038018 0.988281
120 9.528653 0.020724 0.988281
125 6.1249523 0.033209 0.984375
130 5.3203573 0.013518 0.992188
135 5.462823 0.020113 0.988281
140 10.085014 0.035374 0.984375
145 12.251762 0.008537 0.996094
149 5.105982 0.014035 0.988281
